Title: Vessel # 1
PRESSURE, 1
Length(m), Width(m), Alpha1(m),  Alpha2(m), Beta(m), P(unit)
20.0  10.0, 0.5, 0.5, 0.5, 1.0
   0.0000000e+00   5.6000000e+02   5.0000000e+02
   1.0000000e+00   5.6374897e+02   5.0255132e+02
   2.0000000e+00   5.6738380e+02   5.0540223e+02
   3.0000000e+00   5.7088654e+02   5.0854745e+02
   4.0000000e+00   5.7423949e+02   5.1198073e+02
   5.0000000e+00   5.7742526e+02   5.1569488e+02
   6.0000000e+00   5.8042678e+02   5.1968178e+02
   7.0000000e+00   5.8322740e+02   5.2393240e+02
   8.0000000e+00   5.8581088e+02   5.2843682e+02
   9.0000000e+00   5.8816148e+02   5.3318423e+02
   1.0000000e+01   5.9026398e+02   5.3816300e+02
   1.1000000e+01   5.9210372e+02   5.4336064e+02
   1.2000000e+01   5.9366666e+02   5.4876388e+02
   1.3000000e+01   5.9493942e+02   5.5435869e+02
   1.4000000e+01   5.9590928e+02   5.6013028e+02
   1.5000000e+01   5.9656427e+02   5.6606317e+02
   1.6000000e+01   5.9689317e+02   5.7214121e+02
   1.7000000e+01   5.9688556e+02   5.7834761e+02
   1.8000000e+01   5.9653186e+02   5.8466499e+02
   1.9000000e+01   5.9582332e+02   5.9107542e+02
   2.0000000e+01   5.9475211e+02   5.9756043e+02
   2.1000000e+01   5.9331130e+02   6.0410111e+02
   2.2000000e+01   5.9149490e+02   6.1067810e+02
   2.3000000e+01   5.8929789e+02   6.1727168e+02
   2.4000000e+01   5.8671622e+02   6.2386177e+02
   2.5000000e+01   5.8374686e+02   6.3042800e+02
   2.6000000e+01   5.8038778e+02   6.3694979e+02
   2.7000000e+01   5.7663799e+02   6.4340634e+02
   2.8000000e+01   5.7249756e+02   6.4977671e+02
   2.9000000e+01   5.6796759e+02   6.5603989e+02
   3.0000000e+01   5.6305025e+02   6.6217480e+02
   3.1000000e+01   5.5774878e+02   6.6816040e+02
   3.2000000e+01   5.5206748e+02   6.7397568e+02
   3.3000000e+01   5.4601173e+02   6.7959978e+02
   3.4000000e+01   5.3958796e+02   6.8501198e+02
   3.5000000e+01   5.3280366e+02   6.9019180e+02
   3.6000000e+01   5.2566739e+02   6.9511900e+02
   3.7000000e+01   5.1818873e+02   6.9977370e+02
   3.8000000e+01   5.1037830e+02   7.0413635e+02
   3.9000000e+01   5.0224775e+02   7.0818787e+02
   4.0000000e+01   4.9380970e+02   7.1190960e+02
   4.1000000e+01   4.8507776e+02   7.1528346e+02
   4.2000000e+01   4.7606651e+02   7.1829189e+02
   4.3000000e+01   4.6679143e+02   7.2091797e+02
   4.4000000e+01   4.5726894e+02   7.2314546e+02
   4.5000000e+01   4.4751632e+02   7.2495880e+02
   4.6000000e+01   4.3755168e+02   7.2634321e+02
   4.7000000e+01   4.2739398e+02   7.2728468e+02
   4.8000000e+01   4.1706292e+02   7.2777006e+02
   4.9000000e+01   4.0657898e+02   7.2778708e+02
   5.0000000e+01   3.9596329e+02   7.2732436e+02
   5.1000000e+01   3.8695596e+02   7.2298216e+02
   5.2000000e+01   3.7812947e+02   7.1828324e+02
   5.3000000e+01   3.6949796e+02   7.1323512e+02
   5.4000000e+01   3.6107521e+02   7.0784587e+02
   5.5000000e+01   3.5287472e+02   7.0212410e+02
   5.6000000e+01   3.4490960e+02   6.9607898e+02
   5.7000000e+01   3.3719258e+02   6.8972018e+02
   5.8000000e+01   3.2973603e+02   6.8305786e+02
   5.9000000e+01   3.2255186e+02   6.7610269e+02
   6.0000000e+01   3.1565157e+02   6.6886580e+02
   6.1000000e+01   3.0904620e+02   6.6135875e+02
   6.2000000e+01   3.0274631e+02   6.5359356e+02
   6.3000000e+01   2.9676199e+02   6.4558266e+02
   6.4000000e+01   2.9110281e+02   6.3733886e+02
   6.5000000e+01   2.8577781e+02   6.2887534e+02
   6.6000000e+01   2.8079553e+02   6.2020565e+02
   6.7000000e+01   2.7616392e+02   6.1134366e+02
   6.8000000e+01   2.7189041e+02   6.0230354e+02
   6.9000000e+01   2.6798182e+02   5.9309976e+02
   7.0000000e+01   2.6444441e+02   5.8374704e+02
   7.1000000e+01   2.6128385e+02   5.7426034e+02
   7.2000000e+01   2.5850517e+02   5.6465484e+02
   7.3000000e+01   2.5611284e+02   5.5494590e+02
   7.4000000e+01   2.5411067e+02   5.4514907e+02
   7.5000000e+01   2.5250188e+02   5.3528000e+02
   7.6000000e+01   2.5128902e+02   5.2535450e+02
   7.7000000e+01   2.5047406e+02   5.1538843e+02
   7.8000000e+01   2.5005828e+02   5.0539774e+02
   7.9000000e+01   2.5004235e+02   4.9539842e+02
   8.0000000e+01   2.5042631e+02   4.8540646e+02
   8.1000000e+01   2.5120952e+02   4.7543785e+02
   8.2000000e+01   2.5239075e+02   4.6550853e+02
   8.3000000e+01   2.5396811e+02   4.5563439e+02
   8.4000000e+01   2.5593906e+02   4.4583123e+02
   8.5000000e+01   2.5830045e+02   4.3611472e+02
   8.6000000e+01   2.6104852e+02   4.2650042e+02
   8.7000000e+01   2.6417885e+02   4.1700370e+02
   8.8000000e+01   2.6768645e+02   4.0763976e+02
   8.9000000e+01   2.7156570e+02   3.9842357e+02
   9.0000000e+01   2.7581040e+02   3.8936989e+02
   9.1000000e+01   2.8041375e+02   3.8049319e+02
   9.2000000e+01   2.8536839e+02   3.7180767e+02
   9.3000000e+01   2.9066640e+02   3.6332724e+02
   9.4000000e+01   2.9629930e+02   3.5506545e+02
   9.5000000e+01   3.0225807e+02   3.4703553e+02
   9.6000000e+01   3.0853319e+02   3.3925031e+02
   9.7000000e+01   3.1511462e+02   3.3172227e+02
   9.8000000e+01   3.2199182e+02   3.2446343e+02
   9.9000000e+01   3.2915380e+02   3.1748541e+02
   1.0000000e+02   3.3658909e+02   3.1079938e+02
   1.0100000e+02   3.4428581e+02   3.0441602e+02
   1.0200000e+02   3.5223164e+02   2.9834556e+02
   1.0300000e+02   3.6041387e+02   2.9259771e+02
   1.0400000e+02   3.6881940e+02   2.8718165e+02
   1.0500000e+02   3.7743479e+02   2.8210606e+02
   1.0600000e+02   3.8624627e+02   2.7737905e+02
   1.0700000e+02   3.9523972e+02   2.7300818e+02
   1.0800000e+02   4.0440077e+02   2.6900046e+02
   1.0900000e+02   4.1371476e+02   2.6536229e+02
   1.1000000e+02   4.2316678e+02   2.6209948e+02
   1.1100000e+02   4.3274172e+02   2.5921727e+02
   1.1200000e+02   4.4242426e+02   2.5672025e+02
   1.1300000e+02   4.5219891e+02   2.5461244e+02
   1.1400000e+02   4.6205004e+02   2.5289719e+02
   1.1500000e+02   4.7196187e+02   2.5157725e+02
   1.1600000e+02   4.8191856e+02   2.5065473e+02
   1.1700000e+02   4.9190417e+02   2.5013112e+02
   1.1800000e+02   5.0190274e+02   2.5000724e+02
   1.1900000e+02   5.1189826e+02   2.5028330e+02
   1.2000000e+02   5.2187475e+02   2.5095885e+02
   1.2100000e+02   5.3181624e+02   2.5203281e+02
   1.2200000e+02   5.4170683e+02   2.5350347e+02
   1.2300000e+02   5.5153070e+02   2.5536847e+02
   1.2400000e+02   5.6127214e+02   2.5762483e+02
   1.2500000e+02   5.7091555e+02   2.6026893e+02
   1.2600000e+02   5.8044551e+02   2.6329656e+02
   1.2700000e+02   5.8984677e+02   2.6670286e+02
   1.2800000e+02   5.9910430e+02   2.7048238e+02
   1.2900000e+02   6.0820329e+02   2.7462909e+02
   1.3000000e+02   6.1712917e+02   2.7913634e+02
   1.3100000e+02   6.2586767e+02   2.8399692e+02
   1.3200000e+02   6.3440481e+02   2.8920306e+02
   1.3300000e+02   6.4272693e+02   2.9474644e+02
   1.3400000e+02   6.5082071e+02   3.0061817e+02
   1.3500000e+02   6.5867322e+02   3.0680888e+02
   1.3600000e+02   6.6627188e+02   3.1330865e+02
   1.3700000e+02   6.7360454e+02   3.2010708e+02
   1.3800000e+02   6.8065948e+02   3.2719331e+02
   1.3900000e+02   6.8742539e+02   3.3455599e+02
   1.4000000e+02   6.9389147e+02   3.4218334e+02
   1.4100000e+02   7.0004736e+02   3.5006317e+02
   1.4200000e+02   7.0588322e+02   3.5818286e+02
   1.4300000e+02   7.1138971e+02   3.6652943e+02
   1.4400000e+02   7.1655802e+02   3.7508953e+02
   1.4500000e+02   7.2137988e+02   3.8384946e+02
   1.4600000e+02   7.2584758e+02   3.9279520e+02
   1.4700000e+02   7.2995398e+02   4.0191244e+02
   1.4800000e+02   7.3369249e+02   4.1118661e+02
   1.4900000e+02   7.3705715e+02   4.2060286e+02
   1.5000000e+02   7.4004257e+02   4.3014613e+02
   1.5100000e+02   7.4264397e+02   4.3980114e+02
   1.5200000e+02   7.4485720e+02   4.4955247e+02
   1.5300000e+02   7.4667870e+02   4.5938450e+02
   1.5400000e+02   7.4810557e+02   4.6928150e+02
   1.5500000e+02   7.4913552e+02   4.7922765e+02
   1.5600000e+02   7.4976691e+02   4.8920703e+02
   1.5700000e+02   7.4999873e+02   4.9920367e+02
   1.5800000e+02   7.4983060e+02   5.0920159e+02
   1.5900000e+02   7.4926280e+02   5.1918479e+02
   1.6000000e+02   7.4829623e+02   5.2913730e+02
   1.6100000e+02   7.4693244e+02   5.3904320e+02
   1.6200000e+02   7.4517361e+02   5.4888663e+02
   1.6300000e+02   7.4302255e+02   5.5865185e+02
   1.6400000e+02   7.4048271e+02   5.6832325e+02
   1.6500000e+02   7.3755815e+02   5.7788534e+02
   1.6600000e+02   7.3425354e+02   5.8732283e+02
   1.6700000e+02   7.3057418e+02   5.9662063e+02
   1.6800000e+02   7.2652595e+02   6.0576385e+02
   1.6900000e+02   7.2211533e+02   6.1473787e+02
   1.7000000e+02   7.1734937e+02   6.2352834e+02
   1.7100000e+02   7.1223570e+02   6.3212118e+02
   1.7200000e+02   7.0678250e+02   6.4050267e+02
   1.7300000e+02   7.0099848e+02   6.4865937e+02
   1.7400000e+02   6.9489292e+02   6.5657826e+02
   1.7500000e+02   6.8847556e+02   6.6424665e+02
   1.7600000e+02   6.8175669e+02   6.7165228e+02
   1.7700000e+02   6.7474704e+02   6.7878331e+02
   1.7800000e+02   6.6745784e+02   6.8562832e+02
   1.7900000e+02   6.5990074e+02   6.9217636e+02
   1.8000000e+02   6.5208783e+02   6.9841697e+02
   1.8100000e+02   6.4403161e+02   7.0434014e+02
   1.8200000e+02   6.3574498e+02   7.0993642e+02
   1.8300000e+02   6.2724118e+02   7.1519685e+02
   1.8400000e+02   6.1853382e+02   7.2011300e+02
   1.8500000e+02   6.0963683e+02   7.2467702e+02
   1.8600000e+02   6.0056445e+02   7.2888161e+02
   1.8700000e+02   5.9133119e+02   7.3272003e+02
   1.8800000e+02   5.8195181e+02   7.3618616e+02
   1.8900000e+02   5.7244133e+02   7.3927443e+02
   1.9000000e+02   5.6281496e+02   7.4197992e+02
   1.9100000e+02   5.5308810e+02   7.4429829e+02
   1.9200000e+02   5.4327631e+02   7.4622583e+02
   1.9300000e+02   5.3339529e+02   7.4775947e+02
   1.9400000e+02   5.2346084e+02   7.4889674e+02
   1.9500000e+02   5.1348886e+02   7.4963584e+02
   1.9600000e+02   5.0349529e+02   7.4997556e+02
   1.9700000e+02   4.9349614e+02   7.4991539e+02
   1.9800000e+02   4.8350739e+02   7.4945539e+02
   1.9900000e+02   4.7354503e+02   7.4859633e+02
   2.0000000e+02   4.6362499e+02   7.4733956e+02
   2.0100000e+02   4.5376314e+02   7.4568710e+02
   2.0200000e+02   4.4397526e+02   7.4364160e+02
   2.0300000e+02   4.3427701e+02   7.4120632e+02
   2.0400000e+02   4.2468390e+02   7.3838516e+02
   2.0500000e+02   4.1521128e+02   7.3518264e+02
   2.0600000e+02   4.0587431e+02   7.3160387e+02
   2.0700000e+02   3.9668792e+02   7.2765459e+02
   2.0800000e+02   3.8766680e+02   7.2334111e+02
   2.0900000e+02   3.7882539e+02   7.1867033e+02
   2.1000000e+02   3.7017784e+02   7.1364973e+02
   2.1100000e+02   3.6173797e+02   7.0828733e+02
   2.1200000e+02   3.5351929e+02   7.0259171e+02
   2.1300000e+02   3.4553495e+02   6.9657200e+02
   2.1400000e+02   3.3779773e+02   6.9023781e+02
   2.1500000e+02   3.3031999e+02   6.8359927e+02
   2.1600000e+02   3.2311370e+02   6.7666702e+02
   2.1700000e+02   3.1619039e+02   6.6945214e+02
   2.1800000e+02   3.0956114e+02   6.6196618e+02
   2.1900000e+02   3.0323656e+02   6.5422110e+02
   2.2000000e+02   2.9722675e+02   6.4622930e+02
   2.2100000e+02   2.9154133e+02   6.3800356e+02
   2.2200000e+02   2.8618941e+02   6.2955705e+02
   2.2300000e+02   2.8117953e+02   6.2090328e+02
   2.2400000e+02   2.7651972e+02   6.1205608e+02
   2.2500000e+02   2.7221743e+02   6.0302962e+02
   2.2600000e+02   2.6827955e+02   5.9383834e+02
   2.2700000e+02   2.6471237e+02   5.8449693e+02
   2.2800000e+02   2.6152160e+02   5.7502034e+02
   2.2900000e+02   2.5871234e+02   5.6542374e+02
   2.3000000e+02   2.5628909e+02   5.5572248e+02
   2.3100000e+02   2.5425573e+02   5.4593207e+02
   2.3200000e+02   2.5261551e+02   5.3606818e+02
   2.3300000e+02   2.5137105e+02   5.2614659e+02
   2.3400000e+02   2.5052434e+02   5.1618317e+02
   2.3500000e+02   2.5007674e+02   5.0619386e+02
   2.3600000e+02   2.5002896e+02   4.9619464e+02
   2.3700000e+02   2.5038109e+02   4.8620151e+02
   2.3800000e+02   2.5113255e+02   4.7623045e+02
   2.3900000e+02   2.5228214e+02   4.6629742e+02
   2.4000000e+02   2.5382804e+02   4.5641830e+02
   2.4100000e+02   2.5576775e+02   4.4660891e+02
   2.4200000e+02   2.5809818e+02   4.3688493e+02
   2.4300000e+02   2.6081561e+02   4.2726193e+02
   2.4400000e+02   2.6391568e+02   4.1775529e+02
   2.4500000e+02   2.6739343e+02   4.0838022e+02
   2.4600000e+02   2.7124331e+02   3.9915172e+02
   2.4700000e+02   2.7545914e+02   3.9008456e+02
   2.4800000e+02   2.8003420e+02   3.8119324e+02
   2.4900000e+02   2.8496115e+02   3.7249199e+02
   2.5000000e+02   2.9023212e+02   3.6399472e+02
   2.5100000e+02   2.9583867e+02   3.5571503e+02
   2.5200000e+02   3.0177184e+02   3.4766617e+02
   2.5300000e+02   3.0802213e+02   3.3986101e+02
   2.5400000e+02   3.1457954e+02   3.3231204e+02
   2.5500000e+02   3.2143359e+02   3.2503133e+02
   2.5600000e+02   3.2857330e+02   3.1803053e+02
   2.5700000e+02   3.3598726e+02   3.1132085e+02
   2.5800000e+02   3.4366361e+02   3.0491301e+02
   2.5900000e+02   3.5159006e+02   2.9881727e+02
   2.6000000e+02   3.5975394e+02   2.9304338e+02
   2.6100000e+02   3.6814217e+02   2.8760058e+02
   2.6200000e+02   3.7674136e+02   2.8249757e+02
   2.6300000e+02   3.8553773e+02   2.7774252e+02
   2.6400000e+02   3.9451722e+02   2.7334303e+02
   2.6500000e+02   4.0366545e+02   2.6930614e+02
   2.6600000e+02   4.1296780e+02   2.6563832e+02
   2.6700000e+02   4.2240939e+02   2.6234543e+02
   2.6800000e+02   4.3197510e+02   2.5943273e+02
   2.6900000e+02   4.4164964e+02   2.5690488e+02
   2.7000000e+02   4.5141752e+02   2.5476594e+02
   2.7100000e+02   4.6126313e+02   2.5301932e+02
   2.7200000e+02   4.7117071e+02   2.5166782e+02
   2.7300000e+02   4.8112441e+02   2.5071359e+02
   2.7400000e+02   4.9110830e+02   2.5015817e+02
   2.7500000e+02   5.0110642e+02   2.5000245e+02
   2.7600000e+02   5.1110278e+02   2.5024666e+02
   2.7700000e+02   5.2108136e+02   2.5089043e+02
   2.7800000e+02   5.3102623e+02   2.5193272e+02
   2.7900000e+02   5.4092145e+02   2.5337187e+02
   2.8000000e+02   5.5075122e+02   2.5520557e+02
   2.8100000e+02   5.6049979e+02   2.5743088e+02
   2.8200000e+02   5.7015157e+02   2.6004426e+02
   2.8300000e+02   5.7969113e+02   2.6304151e+02
   2.8400000e+02   5.8910319e+02   2.6641785e+02
   2.8500000e+02   5.9837272e+02   2.7016787e+02
   2.8600000e+02   6.0748486e+02   2.7428557e+02
   2.8700000e+02   6.1642506e+02   2.7876436e+02
   2.8800000e+02   6.2517899e+02   2.8359709e+02
   2.8900000e+02   6.3373267e+02   2.8877601e+02
   2.9000000e+02   6.4207241e+02   2.9429285e+02
   2.9100000e+02   6.5018486e+02   3.0013878e+02
   2.9200000e+02   6.5805704e+02   3.0630444e+02
   2.9300000e+02   6.6567637e+02   3.1277997e+02
   2.9400000e+02   6.7303065e+02   3.1955501e+02
   2.9500000e+02   6.8010812e+02   3.2661873e+02
   2.9600000e+02   6.8689745e+02   3.3395982e+02
   2.9700000e+02   6.9338779e+02   3.4156654e+02
   2.9800000e+02   6.9956875e+02   3.4942672e+02
   2.9900000e+02   7.0543044e+02   3.5752778e+02
   3.0000000e+02   7.1096349e+02   3.6585677e+02
