   0.2018976212E+001   0.1000000000E+003
   0.4036293983E+001   0.1000000000E+003
   0.6002733707E+001   0.1000000000E+003
   0.8021237373E+001   0.1000000000E+003
   0.1004028606E+002   0.1000000000E+003
   0.1200791836E+002   0.1000000000E+003
   0.1402531719E+002   0.1000000000E+003
   0.1604400826E+002   0.1000000000E+003
   0.1801225090E+002   0.1000004044E+003
   0.2003066444E+002   0.1000053558E+003
   0.2204835892E+002   0.1000432053E+003
   0.2401660919E+002   0.1002139282E+003
   0.2603508377E+002   0.1007303772E+003
   0.2800320244E+002   0.1017531662E+003
   0.3002106094E+002   0.1018489075E+003
   0.3203973389E+002   0.9916736603E+002
   0.3400759125E+002   0.9824546051E+002
   0.3602626038E+002   0.9846072388E+002
   0.3804424667E+002   0.9976400757E+002
   0.4001243210E+002   0.9741500854E+002
   0.4203063965E+002   0.9611947632E+002
   0.4404933167E+002   0.9567012787E+002
   0.4601692200E+002   0.9631784821E+002
   0.4803554535E+002   0.9504893494E+002
   0.5000325012E+002   0.9288360596E+002
   0.5202198029E+002   0.9180796051E+002
   0.5404010010E+002   0.9168984985E+002
   0.5600824738E+002   0.9208103943E+002
   0.5802636337E+002   0.8875083923E+002
   0.6004509354E+002   0.8724711609E+002
   0.6201276016E+002   0.8637398529E+002
   0.6403137207E+002   0.8644129944E+002
   0.6604948425E+002   0.8458866882E+002
   0.6801776123E+002   0.8237182617E+002
   0.7003585052E+002   0.8093252563E+002
   0.7200402832E+002   0.8033635712E+002
   0.7402216339E+002   0.8044388580E+002
   0.7604087830E+002   0.7748509216E+002
   0.7800846863E+002   0.7592359161E+002
   0.8002711487E+002   0.7482318115E+002
   0.8204529572E+002   0.7494323730E+002
   0.8401354218E+002   0.7435899353E+002
   0.8603157043E+002   0.7274566650E+002
   0.8805021667E+002   0.7183419037E+002
   0.9001796722E+002   0.7162741089E+002
   0.9203667450E+002   0.7188587952E+002
   0.9400424194E+002   0.6963031769E+002
   0.9602289581E+002   0.6853355408E+002
   0.9804111481E+002   0.6798811340E+002
   0.1000093613E+003   0.6821956635E+002
   0.1020273819E+003   0.6679994202E+002
   0.1040460205E+003   0.6542664337E+002
   0.1060137482E+003   0.6456909943E+002
   0.1080324707E+003   0.6445516968E+002
   0.1100000687E+003   0.6436492920E+002
   0.1120186920E+003   0.6263502502E+002
   0.1140367432E+003   0.6181339264E+002
   0.1160050583E+003   0.6154736328E+002
   0.1180233154E+003   0.6191606903E+002
   0.1200418167E+003   0.6022826767E+002
   0.1220092316E+003   0.5945967102E+002
   0.1240280533E+003   0.5908307648E+002
   0.1260464096E+003   0.5944680023E+002
   0.1280143890E+003   0.5835091782E+002
   0.1300323181E+003   0.5745495224E+002
   0.1320006256E+003   0.5698903656E+002
   0.1340191193E+003   0.5722654343E+002
   0.1360375824E+003   0.5671458435E+002
   0.1380050507E+003   0.5564407730E+002
   0.1400238190E+003   0.5513963699E+002
   0.1420423126E+003   0.5529814911E+002
   0.1440103455E+003   0.5530608368E+002
   0.1460282898E+003   0.5397129440E+002
   0.1480470581E+003   0.5347491455E+002
   0.1500150757E+003   0.5356327057E+002
   0.1520335693E+003   0.5397628403E+002
   0.1540010529E+003   0.5264588547E+002
   0.1560198212E+003   0.5228810501E+002
   0.1580382996E+003   0.5239738083E+002
   0.1600063477E+003   0.5302760315E+002
   0.1620242920E+003   0.5179918671E+002
   0.1640430603E+003   0.5162490845E+002
   0.1660110626E+003   0.5178409958E+002
   0.1680295868E+003   0.5245304871E+002
   0.1700475464E+003   0.5145075607E+002
   0.1720158539E+003   0.5149224472E+002
   0.1740342560E+003   0.5168826675E+002
   0.1760023346E+003   0.5245757675E+002
   0.1780202942E+003   0.5180269623E+002
   0.1800390625E+003   0.5208405685E+002
   0.1820069122E+003   0.5230438232E+002
   0.1840254517E+003   0.5336052704E+002
   0.1860434265E+003   0.5302125549E+002
   0.1880117340E+003   0.5333931732E+002
   0.1900299988E+003   0.5384422684E+002
   0.1920485382E+003   0.5526342010E+002
   0.1940160675E+003   0.5493241882E+002
   0.1960348511E+003   0.5537791443E+002
   0.1980025940E+003   0.5639683914E+002
   0.2000211639E+003   0.5808411789E+002
   0.2020391541E+003   0.5732618713E+002
   0.2040074615E+003   0.5814569092E+002
   0.2060256653E+003   0.5976506424E+002
   0.2080442352E+003   0.6054166794E+002
   0.2100117645E+003   0.6022337723E+002
   0.2120305328E+003   0.6147756195E+002
   0.2140487518E+003   0.6358079910E+002
   0.2160168457E+003   0.6298282242E+002
   0.2180348206E+003   0.6369725037E+002
   0.2200031281E+003   0.6545705414E+002
   0.2220213623E+003   0.6748925781E+002
   0.2240399170E+003   0.6638876343E+002
   0.2260074463E+003   0.6793280792E+002
   0.2280262146E+003   0.7028307343E+002
   0.2300444489E+003   0.7051083374E+002
   0.2320125427E+003   0.7097528076E+002
   0.2340305176E+003   0.7332061005E+002
   0.2360492859E+003   0.7588704681E+002
   0.2380170593E+003   0.7486174774E+002
   0.2400356140E+003   0.7707691193E+002
   0.2420031433E+003   0.7996626282E+002
   0.2440219116E+003   0.8021935272E+002
   0.2460401611E+003   0.8161237335E+002
   0.2480082550E+003   0.8464799500E+002
   0.2500262299E+003   0.8689224243E+002
   0.2520449982E+003   0.8688934326E+002
   0.2540127869E+003   0.9003790283E+002
   0.2560313416E+003   0.9333311462E+002
   0.2580492554E+003   0.9294133759E+002
   0.2600176086E+003   0.9598455048E+002
   0.2620357056E+003   0.9952893829E+002
   0.2640037842E+003   0.9990185547E+002
   0.2660216980E+003   0.1024548874E+003
   0.2680405273E+003   0.1061490250E+003
   0.2700081787E+003   0.1076485214E+003
   0.2720267334E+003   0.1093972397E+003
   0.2740446472E+003   0.1131952591E+003
   0.2760130005E+003   0.1156400909E+003
   0.2780310974E+003   0.1167239914E+003
   0.2800496216E+003   0.1203821335E+003
   0.2820170593E+003   0.1233651199E+003
   0.2840358887E+003   0.1239400482E+003
   0.2860035400E+003   0.1269504471E+003
   0.2880220947E+003   0.1301788177E+003
   0.2900400085E+003   0.1305429077E+003
   0.2920083923E+003   0.1324545441E+003
   0.2940264893E+003   0.1354384460E+003
   0.2960450134E+003   0.1365704193E+003
   0.2980124512E+003   0.1369264832E+003
   0.3000312805E+003   0.1391982269E+003
   0.3020493774E+003   0.1413652191E+003
   0.3040174561E+003   0.1411327057E+003
   0.3060353699E+003   0.1420886383E+003
   0.3080037537E+003   0.1442395172E+003
   0.3100218506E+003   0.1454154968E+003
   0.3120403748E+003   0.1449402161E+003
   0.3140078125E+003   0.1462279968E+003
   0.3160266418E+003   0.1482263794E+003
   0.3180447388E+003   0.1484961090E+003
   0.3200128174E+003   0.1482304535E+003
   0.3220307312E+003   0.1497407074E+003
   0.3240495605E+003   0.1514177399E+003
   0.3260172119E+003   0.1510926056E+003
   0.3280357361E+003   0.1511438904E+003
   0.3300031738E+003   0.1527163696E+003
   0.3320220032E+003   0.1540371399E+003
   0.3340401001E+003   0.1533720551E+003
   0.3360081787E+003   0.1537121735E+003
   0.3380260925E+003   0.1553391418E+003
   0.3400449219E+003   0.1562343292E+003
   0.3420125732E+003   0.1554266815E+003
   0.3440311279E+003   0.1560026855E+003
   0.3460490417E+003   0.1575820618E+003
   0.3480173950E+003   0.1580690155E+003
   0.3500354919E+003   0.1572077637E+003
   0.3520035706E+003   0.1579052124E+003
   0.3540214844E+003   0.1593740997E+003
   0.3560403137E+003   0.1595044250E+003
   0.3580079651E+003   0.1586318665E+003
   0.3600265198E+003   0.1593627930E+003
   0.3620444336E+003   0.1606571198E+003
   0.3640127869E+003   0.1604739838E+003
   0.3660308838E+003   0.1595055542E+003
   0.3680494080E+003   0.1601445770E+003
   0.3700168457E+003   0.1612122650E+003
   0.3720356750E+003   0.1607629852E+003
   0.3740033264E+003   0.1596166534E+003
   0.3760218811E+003   0.1600045471E+003
   0.3780397949E+003   0.1608731384E+003
   0.3800081787E+003   0.1602691803E+003
   0.3820262756E+003   0.1587837524E+003
   0.3840447998E+003   0.1588147736E+003
   0.3860122375E+003   0.1594369202E+003
   0.3880310669E+003   0.1587945404E+003
   0.3899987183E+003   0.1569835358E+003
   0.3920172729E+003   0.1565182190E+003
   0.3940351868E+003   0.1569147339E+003
   0.3960035706E+003   0.1564578400E+003
   0.3980216675E+003   0.1543493347E+003
   0.4000401917E+003   0.1533461914E+003
   0.4020076294E+003   0.1534534302E+003
   0.4040264587E+003   0.1532805328E+003
   0.4060445862E+003   0.1512339172E+003
   0.4080126648E+003   0.1497473297E+003
   0.4100305786E+003   0.1496097717E+003
   0.4119989624E+003   0.1497929688E+003
   0.4140170593E+003   0.1482960205E+003
   0.4160355835E+003   0.1464339905E+003
   0.4180030212E+003   0.1461439362E+003
   0.4200218506E+003   0.1465937347E+003
   0.4220399475E+003   0.1458120270E+003
   0.4240080261E+003   0.1438891296E+003
   0.4260259094E+003   0.1434721985E+003
   0.4280447388E+003   0.1440867920E+003
   0.4300123901E+003   0.1439975281E+003
   0.4320309143E+003   0.1421361084E+003
   0.4339983521E+003   0.1416658020E+003
   0.4360172119E+003   0.1423828735E+003
   0.4380353088E+003   0.1427721100E+003
   0.4400033875E+003   0.1411272430E+003
   0.4420212708E+003   0.1406227417E+003
   0.4440401001E+003   0.1414426117E+003
   0.4460077515E+003   0.1421300812E+003
   0.4480262756E+003   0.1406284180E+003
   0.4500441895E+003   0.1401615448E+003
   0.4520125732E+003   0.1410533447E+003
   0.4540306702E+003   0.1419296112E+003
   0.4559987488E+003   0.1405669403E+003
   0.4580166321E+003   0.1401251373E+003
   0.4600354614E+003   0.1411397858E+003
   0.4620031128E+003   0.1420915375E+003
   0.4640216370E+003   0.1407672882E+003
   0.4660395508E+003   0.1404308777E+003
   0.4680079346E+003   0.1415307617E+003
   0.4700260315E+003   0.1425216522E+003
   0.4720445557E+003   0.1412117615E+003
   0.4740119934E+003   0.1410073547E+003
   0.4760308228E+003   0.1422480927E+003
   0.4779984741E+003   0.1431894836E+003
   0.4800170288E+003   0.1418973236E+003
   0.4820349426E+003   0.1418476410E+003
   0.4840033264E+003   0.1431760712E+003
   0.4860214233E+003   0.1440407867E+003
   0.4880399475E+003   0.1427532349E+003
   0.4900073853E+003   0.1428996277E+003
   0.4920262146E+003   0.1443678436E+003
   0.4940443420E+003   0.1450454559E+003
   0.4960124207E+003   0.1438113251E+003
   0.4980303345E+003   0.1441774902E+003
   0.4999987183E+003   0.1457026062E+003
   0.5020168152E+003   0.1462019196E+003
   0.5040353394E+003   0.1450369720E+003
   0.5060027771E+003   0.1456255035E+003
   0.5080216064E+003   0.1472449493E+003
   0.5100397034E+003   0.1474493866E+003
   0.5120078125E+003   0.1464411926E+003
   0.5140256348E+003   0.1472758942E+003
   0.5160446777E+003   0.1489104156E+003
   0.5180132446E+003   0.1488283081E+003
   0.5200322876E+003   0.1480075531E+003
   0.5219996338E+003   0.1490468445E+003
   0.5240186768E+003   0.1506473083E+003
   0.5260377197E+003   0.1502783813E+003
   0.5280062866E+003   0.1497191925E+003
   0.5300241089E+003   0.1509875641E+003
   0.5320431519E+003   0.1524719086E+003
   0.5340117188E+003   0.1518600616E+003
   0.5360307617E+003   0.1515871429E+003
   0.5380485840E+003   0.1530485687E+003
   0.5400171509E+003   0.1543307800E+003
   0.5420361938E+003   0.1535265656E+003
   0.5440047607E+003   0.1535791168E+003
   0.5460225830E+003   0.1551725159E+003
   0.5480416260E+003   0.1562313995E+003
   0.5500101929E+003   0.1553382568E+003
   0.5520292358E+003   0.1557211304E+003
   0.5540470581E+003   0.1574134674E+003
   0.5560156250E+003   0.1581501617E+003
   0.5580346680E+003   0.1572518768E+003
   0.5600537109E+003   0.1579786224E+003
   0.5620211182E+003   0.1596645508E+003
   0.5640401611E+003   0.1600772095E+003
   0.5660087280E+003   0.1593050842E+003
   0.5680277710E+003   0.1603108215E+003
   0.5700455933E+003   0.1620005341E+003
   0.5720141602E+003   0.1620692902E+003
   0.5740332031E+003   0.1615051727E+003
   0.5760522461E+003   0.1627958221E+003
   0.5780196533E+003   0.1643376160E+003
   0.5800386963E+003   0.1640941467E+003
   0.5820577393E+003   0.1638461151E+003
   0.5840263062E+003   0.1653181000E+003
   0.5860441284E+003   0.1667059937E+003
   0.5880126953E+003   0.1662299957E+003
   0.5900317383E+003   0.1663175354E+003
   0.5920507812E+003   0.1679813995E+003
   0.5940181885E+003   0.1690907593E+003
   0.5960372314E+003   0.1684755096E+003
   0.5980562744E+003   0.1689801941E+003
   0.6000248413E+003   0.1706973419E+003
