   0.2018976212E+001   0.1000000000E+003
   0.4036293983E+001   0.1000000000E+003
   0.6002733707E+001   0.1000000000E+003
   0.8021237373E+001   0.1000000000E+003
   0.1004028606E+002   0.1000000000E+003
   0.1200791836E+002   0.1000000000E+003
   0.1402531719E+002   0.1000000000E+003
   0.1604400826E+002   0.1000000000E+003
   0.1801225090E+002   0.1000000000E+003
   0.2003066444E+002   0.1000000458E+003
   0.2204835892E+002   0.1000006561E+003
   0.2401660919E+002   0.1000032425E+003
   0.2603508377E+002   0.1000106201E+003
   0.2800320244E+002   0.1000239563E+003
   0.3002106094E+002   0.1000282898E+003
   0.3203973389E+002   0.9999662781E+002
   0.3400759125E+002   0.9998821259E+002
   0.3602626038E+002   0.1000022430E+003
   0.3804424667E+002   0.1000325012E+003
   0.4001243210E+002   0.1000243988E+003
   0.4203063965E+002   0.1000050278E+003
   0.4404933167E+002   0.1000110474E+003
   0.4601692200E+002   0.1000365982E+003
   0.4803554535E+002   0.1000551834E+003
   0.5000325012E+002   0.1000426636E+003
   0.5202198029E+002   0.1000482483E+003
   0.5404010010E+002   0.1000743179E+003
   0.5600824738E+002   0.1001109314E+003
   0.5802636337E+002   0.1001168137E+003
   0.6004509354E+002   0.1001210022E+003
   0.6201276016E+002   0.1001495895E+003
   0.6403137207E+002   0.1001925583E+003
   0.6604948425E+002   0.1002341995E+003
   0.6801776123E+002   0.1002487335E+003
   0.7003585052E+002   0.1002827988E+003
   0.7200402832E+002   0.1003343964E+003
   0.7402216339E+002   0.1003995743E+003
   0.7604087830E+002   0.1004489517E+003
   0.7800846863E+002   0.1004871750E+003
   0.8002711487E+002   0.1005525665E+003
   0.8204529572E+002   0.1006136932E+003
   0.8401354218E+002   0.1006850967E+003
   0.8603157043E+002   0.1007541275E+003
   0.8805021667E+002   0.1008561859E+003
   0.9001796722E+002   0.1009741058E+003
   0.9203667450E+002   0.1011092224E+003
   0.9400424194E+002   0.1012230606E+003
   0.9602289581E+002   0.1013197327E+003
   0.9804111481E+002   0.1014358978E+003
   0.1000093613E+003   0.1015787354E+003
   0.1020273819E+003   0.1017527618E+003
   0.1040460205E+003   0.1019106216E+003
   0.1060137482E+003   0.1020911255E+003
   0.1080324707E+003   0.1022886581E+003
   0.1100000687E+003   0.1025043411E+003
   0.1120186920E+003   0.1027135544E+003
   0.1140367432E+003   0.1029277496E+003
   0.1160050583E+003   0.1031326981E+003
   0.1180233154E+003   0.1033621216E+003
   0.1200418167E+003   0.1036386490E+003
   0.1220092316E+003   0.1039101105E+003
   0.1240280533E+003   0.1041952438E+003
   0.1260464096E+003   0.1044903030E+003
   0.1280143890E+003   0.1048578186E+003
   0.1300323181E+003   0.1052238617E+003
   0.1320006256E+003   0.1055854263E+003
   0.1340191193E+003   0.1059509735E+003
   0.1360375824E+003   0.1063827667E+003
   0.1380050507E+003   0.1068050461E+003
   0.1400238190E+003   0.1072697449E+003
   0.1420423126E+003   0.1077429657E+003
   0.1440103455E+003   0.1082405701E+003
   0.1460282898E+003   0.1087315979E+003
   0.1480470581E+003   0.1092551193E+003
   0.1500150757E+003   0.1098258820E+003
   0.1520335693E+003   0.1104517593E+003
   0.1540010529E+003   0.1111081009E+003
   0.1560198212E+003   0.1118091202E+003
   0.1580382996E+003   0.1126066055E+003
   0.1600063477E+003   0.1133313904E+003
   0.1620242920E+003   0.1141275635E+003
   0.1640430603E+003   0.1149896774E+003
   0.1660110626E+003   0.1158897095E+003
   0.1680295868E+003   0.1165681686E+003
   0.1700475464E+003   0.1175724411E+003
   0.1720158539E+003   0.1186622467E+003
   0.1740342560E+003   0.1197375488E+003
   0.1760023346E+003   0.1204905701E+003
   0.1780202942E+003   0.1217897415E+003
   0.1800390625E+003   0.1230803528E+003
   0.1820069122E+003   0.1239758377E+003
   0.1840254517E+003   0.1249262009E+003
   0.1860434265E+003   0.1266137695E+003
   0.1880117340E+003   0.1277096100E+003
   0.1900299988E+003   0.1286550446E+003
   0.1920485382E+003   0.1298283691E+003
   0.1940160675E+003   0.1314526062E+003
   0.1960348511E+003   0.1321995697E+003
   0.1980025940E+003   0.1332810974E+003
   0.2000211639E+003   0.1345950470E+003
   0.2020391541E+003   0.1355989685E+003
   0.2040074615E+003   0.1363444366E+003
   0.2060256653E+003   0.1375063019E+003
   0.2080442352E+003   0.1386287842E+003
   0.2100117645E+003   0.1391399536E+003
   0.2120305328E+003   0.1399407349E+003
   0.2140487518E+003   0.1409404449E+003
   0.2160168457E+003   0.1415552673E+003
   0.2180348206E+003   0.1419432068E+003
   0.2200031281E+003   0.1426886749E+003
   0.2220213623E+003   0.1433236542E+003
   0.2240399170E+003   0.1436536865E+003
   0.2260074463E+003   0.1440298462E+003
   0.2280262146E+003   0.1446236267E+003
   0.2300444489E+003   0.1449797974E+003
   0.2320125427E+003   0.1451314087E+003
   0.2340305176E+003   0.1455534363E+003
   0.2360492859E+003   0.1458356171E+003
   0.2380170593E+003   0.1460372772E+003
   0.2400356140E+003   0.1462088470E+003
   0.2420031433E+003   0.1465069885E+003
   0.2440219116E+003   0.1466900482E+003
   0.2460401611E+003   0.1467005310E+003
   0.2480082550E+003   0.1469659576E+003
   0.2500262299E+003   0.1471138153E+003
   0.2520449982E+003   0.1471502533E+003
   0.2540127869E+003   0.1472781982E+003
   0.2560313416E+003   0.1474059296E+003
   0.2580492554E+003   0.1475420532E+003
   0.2600176086E+003   0.1475477600E+003
   0.2620357056E+003   0.1476810760E+003
   0.2640037842E+003   0.1478389587E+003
   0.2660216980E+003   0.1478056946E+003
   0.2680405273E+003   0.1479093628E+003
   0.2700081787E+003   0.1480259552E+003
   0.2720267334E+003   0.1480408020E+003
   0.2740446472E+003   0.1480923920E+003
   0.2760130005E+003   0.1481571350E+003
   0.2780310974E+003   0.1481876831E+003
   0.2800496216E+003   0.1481728210E+003
   0.2820170593E+003   0.1481936798E+003
   0.2840358887E+003   0.1482059937E+003
   0.2860035400E+003   0.1481440430E+003
   0.2880220947E+003   0.1481084595E+003
   0.2900400085E+003   0.1480750122E+003
   0.2920083923E+003   0.1479805145E+003
   0.2940264893E+003   0.1478709564E+003
   0.2960450134E+003   0.1477838440E+003
   0.2980124512E+003   0.1476767578E+003
   0.3000312805E+003   0.1475159454E+003
   0.3020493774E+003   0.1473665161E+003
   0.3040174561E+003   0.1472325745E+003
   0.3060353699E+003   0.1470508270E+003
   0.3080037537E+003   0.1468394470E+003
   0.3100218506E+003   0.1466413116E+003
   0.3120403748E+003   0.1464465027E+003
   0.3140078125E+003   0.1462004089E+003
   0.3160266418E+003   0.1459289398E+003
   0.3180447388E+003   0.1456841888E+003
   0.3200128174E+003   0.1454331207E+003
   0.3220307312E+003   0.1451120758E+003
   0.3240495605E+003   0.1447864075E+003
   0.3260172119E+003   0.1445019989E+003
   0.3280357361E+003   0.1441714935E+003
   0.3300031738E+003   0.1437836609E+003
   0.3320220032E+003   0.1434003906E+003
   0.3340401001E+003   0.1430510406E+003
   0.3360081787E+003   0.1426494598E+003
   0.3380260925E+003   0.1421766357E+003
   0.3400449219E+003   0.1417354431E+003
   0.3420125732E+003   0.1413327484E+003
   0.3440311279E+003   0.1408304443E+003
   0.3460490417E+003   0.1402834320E+003
   0.3480173950E+003   0.1398013611E+003
   0.3500354919E+003   0.1393167114E+003
   0.3520035706E+003   0.1387333374E+003
   0.3540214844E+003   0.1381162415E+003
   0.3560403137E+003   0.1375721893E+003
   0.3580079651E+003   0.1370229797E+003
   0.3600265198E+003   0.1363286438E+003
   0.3620444336E+003   0.1356433258E+003
   0.3640127869E+003   0.1350649719E+003
   0.3660308838E+003   0.1344199677E+003
   0.3680494080E+003   0.1336435852E+003
   0.3700168457E+003   0.1329326324E+003
   0.3720356750E+003   0.1322979889E+003
   0.3740033264E+003   0.1316105347E+003
   0.3760218811E+003   0.1307979889E+003
   0.3780397949E+003   0.1300471649E+003
   0.3800081787E+003   0.1294076080E+003
   0.3820262756E+003   0.1287371063E+003
   0.3840447998E+003   0.1280031586E+003
   0.3860122375E+003   0.1273483963E+003
   0.3880310669E+003   0.1267710266E+003
   0.3899987183E+003   0.1262584229E+003
   0.3920172729E+003   0.1257085190E+003
   0.3940351868E+003   0.1251880112E+003
   0.3960035706E+003   0.1247653275E+003
   0.3980216675E+003   0.1244636154E+003
   0.4000401917E+003   0.1242046509E+003
   0.4020076294E+003   0.1239574585E+003
   0.4040264587E+003   0.1237759094E+003
   0.4060445862E+003   0.1237559967E+003
   0.4080126648E+003   0.1238293304E+003
   0.4100305786E+003   0.1238858032E+003
   0.4119989624E+003   0.1239754639E+003
   0.4140170593E+003   0.1242212448E+003
   0.4160355835E+003   0.1245842819E+003
   0.4180030212E+003   0.1248733749E+003
   0.4200218506E+003   0.1251414413E+003
   0.4220399475E+003   0.1255683594E+003
   0.4240080261E+003   0.1260971222E+003
   0.4260259094E+003   0.1265053558E+003
   0.4280447388E+003   0.1268214188E+003
   0.4300123901E+003   0.1273148117E+003
   0.4320309143E+003   0.1279566498E+003
   0.4339983521E+003   0.1283694153E+003
   0.4360172119E+003   0.1286550751E+003
   0.4380353088E+003   0.1291707458E+003
   0.4400033875E+003   0.1298227386E+003
   0.4420212708E+003   0.1302005463E+003
   0.4440401001E+003   0.1304326019E+003
   0.4460077515E+003   0.1309160461E+003
   0.4480262756E+003   0.1315638123E+003
   0.4500441895E+003   0.1318574219E+003
   0.4520125732E+003   0.1320366211E+003
   0.4540306702E+003   0.1325010223E+003
   0.4559987488E+003   0.1330887146E+003
   0.4580166321E+003   0.1332968903E+003
   0.4600354614E+003   0.1334490662E+003
   0.4620031128E+003   0.1338675079E+003
   0.4640216370E+003   0.1344098053E+003
   0.4660395508E+003   0.1345276794E+003
   0.4680079346E+003   0.1346608582E+003
   0.4700260315E+003   0.1350585480E+003
   0.4720445557E+003   0.1355358582E+003
   0.4740119934E+003   0.1355812988E+003
   0.4760308228E+003   0.1357171783E+003
   0.4779984741E+003   0.1360833740E+003
   0.4800170288E+003   0.1365043945E+003
   0.4820349426E+003   0.1365065918E+003
   0.4840033264E+003   0.1366481018E+003
   0.4860214233E+003   0.1370020599E+003
   0.4880399475E+003   0.1373512115E+003
   0.4900073853E+003   0.1373236237E+003
   0.4920262146E+003   0.1374830170E+003
   0.4940443420E+003   0.1378227386E+003
   0.4960124207E+003   0.1381019440E+003
   0.4980303345E+003   0.1380681000E+003
   0.4999987183E+003   0.1382393341E+003
   0.5020168152E+003   0.1385665283E+003
   0.5040353394E+003   0.1387875519E+003
   0.5060027771E+003   0.1387620392E+003
   0.5080216064E+003   0.1389522552E+003
   0.5100397034E+003   0.1392737885E+003
   0.5120078125E+003   0.1394336395E+003
   0.5140256348E+003   0.1394323425E+003
   0.5160446777E+003   0.1396355438E+003
   0.5180132446E+003   0.1399419098E+003
   0.5200322876E+003   0.1400537109E+003
   0.5219996338E+003   0.1400821228E+003
   0.5240186768E+003   0.1402922516E+003
   0.5260377197E+003   0.1405931549E+003
   0.5280062866E+003   0.1406606750E+003
   0.5300241089E+003   0.1407240906E+003
   0.5320431519E+003   0.1409422760E+003
   0.5340117188E+003   0.1412264404E+003
   0.5360307617E+003   0.1412719116E+003
   0.5380485840E+003   0.1413714905E+003
   0.5400171509E+003   0.1415872650E+003
   0.5420361938E+003   0.1418533173E+003
   0.5440047607E+003   0.1418776855E+003
   0.5460225830E+003   0.1420053101E+003
   0.5480416260E+003   0.1422350464E+003
   0.5500101929E+003   0.1424669189E+003
   0.5520292358E+003   0.1424924469E+003
   0.5540470581E+003   0.1426449585E+003
   0.5560156250E+003   0.1428710938E+003
   0.5580346680E+003   0.1430695343E+003
   0.5600537109E+003   0.1431050720E+003
   0.5620211182E+003   0.1432694550E+003
   0.5640401611E+003   0.1435056000E+003
   0.5660087280E+003   0.1436635590E+003
   0.5680277710E+003   0.1437171326E+003
   0.5700455933E+003   0.1438936157E+003
   0.5720141602E+003   0.1441208038E+003
   0.5740332031E+003   0.1442433014E+003
   0.5760522461E+003   0.1443203430E+003
   0.5780196533E+003   0.1444976654E+003
   0.5800386963E+003   0.1447217865E+003
   0.5820577393E+003   0.1448105164E+003
   0.5840263062E+003   0.1449071045E+003
   0.5860441284E+003   0.1450873718E+003
   0.5880126953E+003   0.1452900391E+003
   0.5900317383E+003   0.1453613434E+003
   0.5920507812E+003   0.1454779358E+003
   0.5940181885E+003   0.1456495972E+003
   0.5960372314E+003   0.1458348236E+003
   0.5980562744E+003   0.1458967896E+003
   0.6000248413E+003   0.1460238495E+003
