Title: Vessel # 1  - Ever Given
PRESSURE, 1
Length(m), Width(m), Alpha1(m),  Alpha2(m), Beta(m), P(unit)
400.0  59.0, 0.5, 0.5, 0.5, 15.0
Time, X(m), Y(m)
0.000000e+00   1.985318e+02   2.529673e+02   
5.000000e+00   1.971499e+02   2.859384e+02   
1.000000e+01   1.958831e+02   3.189141e+02   
1.500000e+01   1.947026e+02   3.518929e+02   
2.000000e+01   1.935509e+02   3.848728e+02   
2.500000e+01   1.925105e+02   4.179815e+02   
3.000000e+01   1.913964e+02   4.578659e+02   
3.600000e+01   1.905550e+02   4.911053e+02   
4.100000e+01   1.899167e+02   5.243492e+02   
4.600000e+01   1.895105e+02   5.575967e+02   
5.100000e+01   1.892203e+02   5.908454e+02   
5.600000e+01   1.889592e+02   6.240944e+02   
6.100000e+01   1.886980e+02   6.573434e+02   
6.600000e+01   1.881777e+02   6.970899e+02   
7.200000e+01   1.873139e+02   7.366805e+02   
7.800000e+01   1.864500e+02   7.696692e+02   
8.300000e+01   1.852454e+02   8.025221e+02   
8.800000e+01   1.831543e+02   8.417665e+02   
9.400000e+01   1.810979e+02   8.744518e+02   
9.900000e+01   1.788505e+02   9.069993e+02   
1.040000e+02   1.762441e+02   9.393947e+02   
1.090000e+02   1.735068e+02   9.716537e+02   
1.140000e+02   1.707802e+02   1.003788e+03   
1.190000e+02   1.677569e+02   1.035771e+03   
1.240000e+02   1.638097e+02   1.073967e+03   
1.300000e+02   1.597292e+02   1.112150e+03   
1.360000e+02   1.561899e+02   1.143954e+03   
1.410000e+02   1.523584e+02   1.175849e+03   
1.460000e+02   1.483722e+02   1.207852e+03   
1.510000e+02   1.442465e+02   1.239837e+03   
1.560000e+02   1.400091e+02   1.271807e+03   
1.610000e+02   1.357996e+02   1.303781e+03   
1.660000e+02   1.316460e+02   1.335763e+03   
1.710000e+02   1.276040e+02   1.367759e+03   
1.760000e+02   1.236584e+02   1.399892e+03   
1.810000e+02   1.198103e+02   1.432164e+03   
1.860000e+02   1.162158e+02   1.464464e+03   
1.910000e+02   1.128186e+02   1.496786e+03   
1.960000e+02   1.096189e+02   1.529128e+03   
2.010000e+02   1.068146e+02   1.561507e+03   
2.060000e+02   1.043778e+02   1.593916e+03   
2.110000e+02   1.022805e+02   1.626348e+03   
2.160000e+02   1.005229e+02   1.658800e+03   
2.210000e+02   9.927534e+01   1.691276e+03   
2.260000e+02   9.836789e+01   1.723764e+03   
2.310000e+02   9.768988e+01   1.756132e+03   
2.360000e+02   9.723960e+01   1.788378e+03   
2.410000e+02   9.681746e+01   1.820626e+03   
2.460000e+02   9.653603e+01   1.852874e+03   
2.510000e+02   9.647974e+01   1.885124e+03   
2.560000e+02   9.653603e+01   1.917374e+03   
2.610000e+02   9.667729e+01   1.949749e+03   
2.660000e+02   9.696090e+01   1.982248e+03   
2.710000e+02   9.730123e+01   2.014746e+03   
2.760000e+02   9.772664e+01   2.047243e+03   
2.810000e+02   9.877751e+01   2.086079e+03   
2.870000e+02   1.000155e+02   2.118305e+03   
2.920000e+02   1.014168e+02   2.150400e+03   
2.970000e+02   1.038185e+02   2.188574e+03   
3.030000e+02   1.064477e+02   2.220215e+03   
3.080000e+02   1.094788e+02   2.251695e+03   
3.130000e+02   1.129628e+02   2.283001e+03   
3.180000e+02   1.177467e+02   2.320346e+03   
3.240000e+02   1.222579e+02   2.351269e+03   
3.290000e+02   1.172548e+02   2.320549e+03   
3.340000e+02   1.224779e+02   2.351105e+03   
3.390000e+02   1.282633e+02   2.381433e+03   
3.440000e+02   1.349189e+02   2.411455e+03   
3.490000e+02   1.418884e+02   2.441404e+03   
3.540000e+02   1.493232e+02   2.471113e+03   
3.590000e+02   1.574226e+02   2.500518e+03   
3.640000e+02   1.657272e+02   2.529866e+03   
3.690000e+02   1.740560e+02   2.558816e+03   
3.740000e+02   1.823390e+02   2.586869e+03   
3.790000e+02   1.899764e+02   2.613157e+03   
6.000000e+02   1.909764e+02   2.614023e+03   
