   1.1230000e-02
   1.8555000e-02
   2.5879000e-02
   3.3203000e-02
   4.0527000e-02
   4.7852000e-02
   5.5176000e-02
   6.2500000e-02
   6.9824000e-02
   7.7148000e-02
   8.4473000e-02
   9.1797000e-02
   9.9121000e-02
   1.0645000e-01
   1.1377000e-01
   1.2109000e-01
   1.2842000e-01
   1.3574000e-01
   1.4307000e-01
   1.5039000e-01
   1.5771000e-01
   1.6504000e-01
   1.7236000e-01
   1.7969000e-01
   1.8701000e-01
   1.9434000e-01
   2.0166000e-01
   2.0898000e-01
   2.1631000e-01
   2.2363000e-01
   2.3096000e-01
   2.3828000e-01
   2.4561000e-01
   2.5293000e-01
   2.6025000e-01
   2.6758000e-01
   2.7490000e-01
   2.8223000e-01
   2.8955000e-01
   2.9688000e-01
   3.0420000e-01
   3.1152000e-01
   3.1885000e-01
   3.2617000e-01
   3.3350000e-01
   3.4082000e-01
   3.4814000e-01
   3.5547000e-01
   3.6279000e-01
   3.7012000e-01
   3.7744000e-01
   3.8477000e-01
   3.9209000e-01
