   0.0000000e+00
   0.0000000e+00
   0.0000000e+00
   1.5624688e-02
   3.4452429e-02
   2.7790976e-02
   2.4201155e-02
   2.1110811e-02
   2.0060771e-02
   2.1205188e-02
   2.0248393e-02
   2.4631653e-02
   4.6150621e-02
   9.4659491e-02
   1.4808482e-01
   2.2925855e-01
   2.6202998e-01
   2.8436289e-01
   3.3535588e-01
   3.1186679e-01
   5.0884009e-01
   4.8506697e-01
   4.0973159e-01
   3.7243159e-01
   4.1550913e-01
   3.3838664e-01
   2.8215052e-01
   2.4428480e-01
   2.2849069e-01
   2.3305859e-01
   1.6619503e-01
   2.0529629e-01
   1.6562553e-01
   1.6155817e-01
   1.3638249e-01
   1.3086519e-01
   1.1800446e-01
   1.0901954e-01
   1.2144134e-01
   9.1884492e-02
   9.7927849e-02
   1.0709451e-01
   9.5186068e-02
   8.5507748e-02
   7.2161570e-02
   8.2744135e-02
   8.8444552e-02
   6.4923413e-02
   7.9763935e-02
   6.1638536e-02
   6.2552968e-02
   5.5867662e-02
   3.9935504e-02
