   0.2019248247E+001   0.1000000000E+003
   0.4038217545E+001   0.1000000000E+003
   0.6006233215E+001   0.1000000000E+003
   0.8024420738E+001   0.1000000000E+003
   0.1004276180E+002   0.1000000000E+003
   0.1201106262E+002   0.1000000000E+003
   0.1402986050E+002   0.1000000687E+003
   0.1604838371E+002   0.1000018005E+003
   0.1801653862E+002   0.1000197906E+003
   0.2003555679E+002   0.1001368637E+003
   0.2200410843E+002   0.1005571518E+003
   0.2402284050E+002   0.1015857620E+003
   0.2604164124E+002   0.1034335403E+003
   0.2801034927E+002   0.1027004013E+003
   0.3002953148E+002   0.1007838821E+003
   0.3204840469E+002   0.1002913742E+003
   0.3401686859E+002   0.1008681564E+003
   0.3603606415E+002   0.1011304474E+003
   0.3800477600E+002   0.9819568634E+002
   0.4002372742E+002   0.9703652191E+002
   0.4204272842E+002   0.9690018463E+002
   0.4401139450E+002   0.9773517609E+002
   0.4603055954E+002   0.9485348511E+002
   0.4804955673E+002   0.9319673920E+002
   0.5001811981E+002   0.9228638458E+002
   0.5203724670E+002   0.9237964630E+002
   0.5400592041E+002   0.9156732178E+002
   0.5602492905E+002   0.8862172699E+002
   0.5804396820E+002   0.8705725861E+002
   0.6001262283E+002   0.8633829498E+002
   0.6203178024E+002   0.8648645782E+002
   0.6400030518E+002   0.8381723785E+002
   0.6601934814E+002   0.8176848602E+002
   0.6803851318E+002   0.8032901001E+002
   0.7000720215E+002   0.7978979492E+002
   0.7202624512E+002   0.7958628845E+002
   0.7404528809E+002   0.7646060181E+002
   0.7601398468E+002   0.7479003906E+002
   0.7803316498E+002   0.7366501617E+002
   0.8000164032E+002   0.7341317749E+002
   0.8202060699E+002   0.7213422394E+002
   0.8403981018E+002   0.7029474640E+002
   0.8600853729E+002   0.6919414520E+002
   0.8802744293E+002   0.6906445312E+002
   0.9004636383E+002   0.6946189117E+002
   0.9201516724E+002   0.6735738373E+002
   0.9403439331E+002   0.6625575256E+002
   0.9600279236E+002   0.6563920593E+002
   0.9802168274E+002   0.6574370575E+002
   0.1000409470E+003   0.6450168610E+002
   0.1020096817E+003   0.6331658554E+002
   0.1040285339E+003   0.6255799103E+002
   0.1060474243E+003   0.6246876907E+002
   0.1080162048E+003   0.6238400269E+002
   0.1100354233E+003   0.6065657043E+002
   0.1120038223E+003   0.5983769989E+002
   0.1140227356E+003   0.5955187607E+002
   0.1160419083E+003   0.5998756027E+002
   0.1180106201E+003   0.5844865799E+002
   0.1200296631E+003   0.5764164734E+002
   0.1220487823E+003   0.5726031494E+002
   0.1240173645E+003   0.5764252853E+002
   0.1260364075E+003   0.5670616150E+002
   0.1280051422E+003   0.5584715652E+002
   0.1300241852E+003   0.5543288040E+002
   0.1320432281E+003   0.5576006699E+002
   0.1340117950E+003   0.5546625900E+002
   0.1360308380E+003   0.5442599869E+002
   0.1380498810E+003   0.5406615829E+002
   0.1400182800E+003   0.5435975266E+002
   0.1420372467E+003   0.5445699310E+002
   0.1440058136E+003   0.5336882782E+002
   0.1460248566E+003   0.5311870193E+002
   0.1480437164E+003   0.5341298676E+002
   0.1500122070E+003   0.5373060608E+002
   0.1520312500E+003   0.5266135406E+002
   0.1540502930E+003   0.5256049728E+002
   0.1560187225E+003   0.5282326508E+002
   0.1580377350E+003   0.5342092514E+002
   0.1600063019E+003   0.5252690887E+002
   0.1620253448E+003   0.5265101624E+002
   0.1640443878E+003   0.5298618698E+002
   0.1660129547E+003   0.5389221191E+002
   0.1680319977E+003   0.5327991486E+002
   0.1700005646E+003   0.5355918121E+002
   0.1720196075E+003   0.5416662216E+002
   0.1740386505E+003   0.5531623077E+002
   0.1760072174E+003   0.5490748978E+002
   0.1780262604E+003   0.5537806702E+002
   0.1800453033E+003   0.5652136230E+002
   0.1820138702E+003   0.5770153427E+002
   0.1840329132E+003   0.5728610992E+002
   0.1860014801E+003   0.5818811798E+002
   0.1880205231E+003   0.5995926285E+002
   0.1900395660E+003   0.6021593475E+002
   0.1920081329E+003   0.6043547821E+002
   0.1940271759E+003   0.6189404678E+002
   0.1960462189E+003   0.6411606598E+002
   0.1980147858E+003   0.6322612381E+002
   0.2000338287E+003   0.6441056824E+002
   0.2020023956E+003   0.6645474243E+002
   0.2040214386E+003   0.6770801544E+002
   0.2060404816E+003   0.6744529724E+002
   0.2080090485E+003   0.6940618896E+002
   0.2100280914E+003   0.7203515625E+002
   0.2120471344E+003   0.7143185425E+002
   0.2140157013E+003   0.7307472992E+002
   0.2160347443E+003   0.7587251282E+002
   0.2180033112E+003   0.7719286346E+002
   0.2200223541E+003   0.7756460571E+002
   0.2220413971E+003   0.8051539612E+002
   0.2240099640E+003   0.8344777679E+002
   0.2260290070E+003   0.8306649017E+002
   0.2280480499E+003   0.8606494141E+002
   0.2300166168E+003   0.8940717316E+002
   0.2320356598E+003   0.8952099609E+002
   0.2340042267E+003   0.9223416138E+002
   0.2360232697E+003   0.9586338043E+002
   0.2380423126E+003   0.9687242889E+002
   0.2400108795E+003   0.9904566956E+002
   0.2420299225E+003   0.1027999420E+003
   0.2440489655E+003   0.1046931686E+003
   0.2460175323E+003   0.1062699432E+003
   0.2480365753E+003   0.1100096893E+003
   0.2500051422E+003   0.1125452728E+003
   0.2520241852E+003   0.1135232010E+003
   0.2540432281E+003   0.1169755859E+003
   0.2560118103E+003   0.1198852692E+003
   0.2580308533E+003   0.1202547989E+003
   0.2599994202E+003   0.1229016113E+003
   0.2620184631E+003   0.1259757843E+003
   0.2640375061E+003   0.1263582764E+003
   0.2660060730E+003   0.1277664490E+003
   0.2680251160E+003   0.1304781952E+003
   0.2700441589E+003   0.1319147339E+003
   0.2720127258E+003   0.1318342133E+003
   0.2740317688E+003   0.1337499695E+003
   0.2760003357E+003   0.1359365997E+003
   0.2780193787E+003   0.1359945221E+003
   0.2800384216E+003   0.1364323120E+003
   0.2820069885E+003   0.1383628235E+003
   0.2840260315E+003   0.1399035645E+003
   0.2860450745E+003   0.1393308716E+003
   0.2880136414E+003   0.1401920471E+003
   0.2900326843E+003   0.1420937958E+003
   0.2920012512E+003   0.1428922272E+003
   0.2940202942E+003   0.1422480621E+003
   0.2960393372E+003   0.1433891144E+003
   0.2980079041E+003   0.1450814209E+003
   0.3000269470E+003   0.1452486572E+003
   0.3020459900E+003   0.1447769623E+003
   0.3040145569E+003   0.1460201721E+003
   0.3060335999E+003   0.1475253448E+003
   0.3080021667E+003   0.1471976776E+003
   0.3100212097E+003   0.1469020538E+003
   0.3120402527E+003   0.1482016296E+003
   0.3140088196E+003   0.1494132233E+003
   0.3160278625E+003   0.1487105560E+003
   0.3180469055E+003   0.1485644989E+003
   0.3200154724E+003   0.1497749786E+003
   0.3220345154E+003   0.1507291870E+003
   0.3240030823E+003   0.1497565765E+003
   0.3260221252E+003   0.1495697174E+003
   0.3280411682E+003   0.1506483459E+003
   0.3300097351E+003   0.1513214111E+003
   0.3320287781E+003   0.1500777435E+003
   0.3340478210E+003   0.1497218933E+003
   0.3360163879E+003   0.1505490265E+003
   0.3380354309E+003   0.1510286255E+003
   0.3400039978E+003   0.1495870819E+003
   0.3420230408E+003   0.1488459167E+003
   0.3440420837E+003   0.1493641052E+003
   0.3460106506E+003   0.1497088623E+003
   0.3480296936E+003   0.1481067047E+003
   0.3499982605E+003   0.1468715210E+003
   0.3520173035E+003   0.1469855499E+003
   0.3540363464E+003   0.1472734985E+003
   0.3560049133E+003   0.1458285675E+003
   0.3580239563E+003   0.1439625397E+003
   0.3600429993E+003   0.1435992737E+003
   0.3620115662E+003   0.1437899170E+003
   0.3640306091E+003   0.1427768555E+003
   0.3659991760E+003   0.1405006714E+003
   0.3680182190E+003   0.1396355591E+003
   0.3700372620E+003   0.1397184143E+003
   0.3720058289E+003   0.1394119415E+003
   0.3740248718E+003   0.1371273346E+003
   0.3760439148E+003   0.1358702850E+003
   0.3780124817E+003   0.1358625641E+003
   0.3800315247E+003   0.1361105652E+003
   0.3820000916E+003   0.1344500427E+003
   0.3840191345E+003   0.1328709869E+003
   0.3860381775E+003   0.1327855377E+003
   0.3880067444E+003   0.1333659821E+003
   0.3900257874E+003   0.1324592285E+003
   0.3920448303E+003   0.1307378235E+003
   0.3940133972E+003   0.1306045685E+003
   0.3960324402E+003   0.1313924408E+003
   0.3980010071E+003   0.1311680908E+003
   0.4000200500E+003   0.1294000244E+003
   0.4020390930E+003   0.1292485809E+003
   0.4040076599E+003   0.1301383209E+003
   0.4060267029E+003   0.1303479614E+003
   0.4080457458E+003   0.1286325073E+003
   0.4100143127E+003   0.1284973145E+003
   0.4120333557E+003   0.1295032196E+003
   0.4140019226E+003   0.1299772644E+003
   0.4160209656E+003   0.1283179779E+003
   0.4180400085E+003   0.1282025452E+003
   0.4200085754E+003   0.1292635498E+003
   0.4220276184E+003   0.1298681641E+003
   0.4240466614E+003   0.1282647552E+003
   0.4260152283E+003   0.1282016449E+003
   0.4280342712E+003   0.1293718414E+003
   0.4300028381E+003   0.1300173492E+003
   0.4320218811E+003   0.1284503632E+003
   0.4340409241E+003   0.1284467926E+003
   0.4360094910E+003   0.1296631165E+003
   0.4380285339E+003   0.1302938385E+003
   0.4399971008E+003   0.1287874298E+003
   0.4420161438E+003   0.1288469543E+003
   0.4440351868E+003   0.1301636810E+003
   0.4460037537E+003   0.1307177124E+003
   0.4480227966E+003   0.1292255249E+003
   0.4500418396E+003   0.1294070435E+003
   0.4520104065E+003   0.1307606201E+003
   0.4540294495E+003   0.1312058411E+003
   0.4559980164E+003   0.1297782440E+003
   0.4580170593E+003   0.1300444031E+003
   0.4600361023E+003   0.1314799500E+003
   0.4620046692E+003   0.1317747040E+003
   0.4640237122E+003   0.1303795776E+003
   0.4660427551E+003   0.1307721863E+003
   0.4680113220E+003   0.1322111053E+003
   0.4700303650E+003   0.1323322906E+003
   0.4719989319E+003   0.1310294037E+003
   0.4740179749E+003   0.1315044403E+003
   0.4760370178E+003   0.1329904938E+003
   0.4780055847E+003   0.1329287872E+003
   0.4800246277E+003   0.1316828156E+003
   0.4820436707E+003   0.1322671204E+003
   0.4840122375E+003   0.1337188873E+003
   0.4860312805E+003   0.1334689789E+003
   0.4879998474E+003   0.1323337860E+003
   0.4900188904E+003   0.1329812622E+003
   0.4920379333E+003   0.1344491119E+003
   0.4940065002E+003   0.1340305786E+003
   0.4960255432E+003   0.1329614563E+003
   0.4980445862E+003   0.1336945343E+003
   0.5000131531E+003   0.1350986938E+003
   0.5020321960E+003   0.1345040588E+003
   0.5040007629E+003   0.1335377655E+003
   0.5060198059E+003   0.1343055725E+003
   0.5080388489E+003   0.1356963043E+003
   0.5100074158E+003   0.1349700165E+003
   0.5120264893E+003   0.1340565643E+003
   0.5140455322E+003   0.1348786011E+003
   0.5160140991E+003   0.1361921539E+003
   0.5180331421E+003   0.1353261719E+003
   0.5200017090E+003   0.1344899139E+003
   0.5220207520E+003   0.1353143768E+003
   0.5240397949E+003   0.1365985107E+003
   0.5260083618E+003   0.1356397705E+003
   0.5280274048E+003   0.1348195953E+003
   0.5299959717E+003   0.1356275330E+003
   0.5320150146E+003   0.1368685760E+003
   0.5340340576E+003   0.1358111420E+003
   0.5360026245E+003   0.1350236816E+003
   0.5380216675E+003   0.1358334808E+003
   0.5400407104E+003   0.1370171967E+003
   0.5420092773E+003   0.1359109344E+003
   0.5440283203E+003   0.1350860901E+003
   0.5459968872E+003   0.1358419647E+003
   0.5480159302E+003   0.1369919739E+003
   0.5500349731E+003   0.1358211670E+003
   0.5520035400E+003   0.1349671021E+003
   0.5540225830E+003   0.1356886597E+003
   0.5560416260E+003   0.1368055267E+003
   0.5580101929E+003   0.1356469269E+003
   0.5600292358E+003   0.1347003174E+003
   0.5619978027E+003   0.1353413239E+003
   0.5640168457E+003   0.1364526062E+003
   0.5660358887E+003   0.1352955780E+003
   0.5680044556E+003   0.1342757416E+003
   0.5700234985E+003   0.1348516388E+003
   0.5720425415E+003   0.1359476318E+003
   0.5740111084E+003   0.1348703766E+003
   0.5760301514E+003   0.1337017059E+003
   0.5779987183E+003   0.1341731262E+003
   0.5800177612E+003   0.1352712402E+003
   0.5820368042E+003   0.1342805939E+003
   0.5840053711E+003   0.1330018311E+003
   0.5860244141E+003   0.1333823547E+003
   0.5880434570E+003   0.1344723358E+003
   0.5900120239E+003   0.1336551971E+003
   0.5920310669E+003   0.1321940460E+003
   0.5939996338E+003   0.1324613495E+003
   0.5960186768E+003   0.1335464172E+003
   0.5980377197E+003   0.1329167938E+003
   0.6000062866E+003   0.1313494720E+003
   0.6020253296E+003   0.1315272980E+003
   0.6040443726E+003   0.1326095886E+003
   0.6060129395E+003   0.1322307434E+003
   0.6080319824E+003   0.1305079193E+003
   0.6100005493E+003   0.1305937805E+003
   0.6120195923E+003   0.1316664276E+003
   0.6140386353E+003   0.1315195618E+003
   0.6160072021E+003   0.1297498779E+003
   0.6180262451E+003   0.1297651062E+003
   0.6199948120E+003   0.1308150482E+003
   0.6220138550E+003   0.1309343414E+003
   0.6240328979E+003   0.1290870209E+003
   0.6260014648E+003   0.1290514374E+003
   0.6280205078E+003   0.1301300507E+003
   0.6300395508E+003   0.1304069061E+003
   0.6320081177E+003   0.1285837860E+003
   0.6340271606E+003   0.1285121307E+003
   0.6359957275E+003   0.1295847931E+003
   0.6380147705E+003   0.1300506592E+003
   0.6400338135E+003   0.1282159576E+003
   0.6420023804E+003   0.1281432190E+003
   0.6440214233E+003   0.1292687378E+003
   0.6460404663E+003   0.1298089294E+003
   0.6480090332E+003   0.1280330200E+003
   0.6500280762E+003   0.1279721375E+003
   0.6519966431E+003   0.1291125031E+003
   0.6540156860E+003   0.1297530670E+003
   0.6560347290E+003   0.1279953995E+003
   0.6580032959E+003   0.1279880676E+003
   0.6600223389E+003   0.1292131500E+003
   0.6620413818E+003   0.1298533478E+003
   0.6640099487E+003   0.1281735687E+003
   0.6660289917E+003   0.1282500000E+003
   0.6679975586E+003   0.1295177460E+003
   0.6700166016E+003   0.1301627197E+003
   0.6720356445E+003   0.1285114288E+003
   0.6740042114E+003   0.1286946869E+003
   0.6760232544E+003   0.1300690613E+003
   0.6780422974E+003   0.1306012268E+003
   0.6800108643E+003   0.1290454407E+003
   0.6820299072E+003   0.1293690796E+003
   0.6839984741E+003   0.1307905273E+003
   0.6860175171E+003   0.1312311249E+003
   0.6880365601E+003   0.1297542114E+003
   0.6900051270E+003   0.1302323914E+003
   0.6920241699E+003   0.1317649536E+003
   0.6940432129E+003   0.1319766083E+003
   0.6960117798E+003   0.1306681671E+003
   0.6980308228E+003   0.1313400116E+003
   0.6999993896E+003   0.1328972778E+003
   0.7020184326E+003   0.1329058533E+003
   0.7040374756E+003   0.1317739410E+003
   0.7060060425E+003   0.1326233826E+003
   0.7080250854E+003   0.1342494507E+003
   0.7100441284E+003   0.1339365540E+003
   0.7120126953E+003   0.1330715790E+003
   0.7140317383E+003   0.1341374207E+003
   0.7160003052E+003   0.1357115936E+003
   0.7180193481E+003   0.1351448822E+003
   0.7200383911E+003   0.1345563049E+003
   0.7220069580E+003   0.1357872162E+003
   0.7240260010E+003   0.1373166504E+003
   0.7259945679E+003   0.1364906006E+003
   0.7280136108E+003   0.1362077332E+003
   0.7300326538E+003   0.1376466217E+003
   0.7320012207E+003   0.1389902344E+003
   0.7340202637E+003   0.1379575958E+003
   0.7360393066E+003   0.1380500946E+003
   0.7380078735E+003   0.1396005249E+003
   0.7400269165E+003   0.1407171631E+003
   0.7419954834E+003   0.1396031494E+003
   0.7440145264E+003   0.1400107117E+003
   0.7460335693E+003   0.1417013855E+003
   0.7480021362E+003   0.1424713745E+003
   0.7500211792E+003   0.1413746948E+003
   0.7520402222E+003   0.1421320190E+003
   0.7540087891E+003   0.1438311462E+003
   0.7560278320E+003   0.1442231903E+003
   0.7579963989E+003   0.1432965393E+003
   0.7600154419E+003   0.1443181610E+003
   0.7620344849E+003   0.1460242767E+003
   0.7640030518E+003   0.1460003204E+003
   0.7660220947E+003   0.1453157349E+003
   0.7680411377E+003   0.1465945740E+003
   0.7700097046E+003   0.1481609497E+003
   0.7720287476E+003   0.1477670746E+003
   0.7739973145E+003   0.1474132385E+003
   0.7760163574E+003   0.1488615112E+003
   0.7780354004E+003   0.1502691040E+003
   0.7800039673E+003   0.1495852051E+003
   0.7820230103E+003   0.1495666656E+003
   0.7840420532E+003   0.1511473236E+003
   0.7860106201E+003   0.1522718964E+003
   0.7880296631E+003   0.1513973999E+003
   0.7899982300E+003   0.1517116089E+003
   0.7920172729E+003   0.1533486633E+003
   0.7940363159E+003   0.1541799774E+003
   0.7960048828E+003   0.1532487030E+003
   0.7980239258E+003   0.1538652191E+003
   0.8000429688E+003   0.1555012665E+003
   0.8020115356E+003   0.1559791718E+003
   0.8040305786E+003   0.1550777588E+003
   0.8059991455E+003   0.1559247589E+003
   0.8080181885E+003   0.1575105133E+003
   0.8100372314E+003   0.1576562805E+003
   0.8120057983E+003   0.1568963318E+003
   0.8140248413E+003   0.1579588776E+003
   0.8159934082E+003   0.1594136505E+003
   0.8180124512E+003   0.1592644043E+003
   0.8200314941E+003   0.1586710358E+003
   0.8220000610E+003   0.1598440857E+003
   0.8240191040E+003   0.1611917877E+003
   0.8260381470E+003   0.1607361450E+003
   0.8280067139E+003   0.1603531036E+003
   0.8300257568E+003   0.1616440430E+003
   0.8319943237E+003   0.1628043213E+003
   0.8340133667E+003   0.1621512909E+003
   0.8360324097E+003   0.1619652252E+003
   0.8380009766E+003   0.1632766571E+003
   0.8400200195E+003   0.1642801971E+003
   0.8420390625E+003   0.1634470520E+003
   0.8440076294E+003   0.1634545288E+003
   0.8460266724E+003   0.1648150635E+003
   0.8479952393E+003   0.1656087341E+003
   0.8500142822E+003   0.1646754150E+003
   0.8520333252E+003   0.1648469849E+003
   0.8540018921E+003   0.1661698914E+003
   0.8560209351E+003   0.1667875214E+003
   0.8580399780E+003   0.1657820129E+003
   0.8600085449E+003   0.1660862885E+003
   0.8620275879E+003   0.1674151154E+003
   0.8639961548E+003   0.1678388519E+003
   0.8660151978E+003   0.1668031921E+003
   0.8680342407E+003   0.1672211914E+003
   0.8700028076E+003   0.1684824677E+003
   0.8720218506E+003   0.1687378082E+003
   0.8740408936E+003   0.1676952820E+003
   0.8760094604E+003   0.1681863403E+003
   0.8780285034E+003   0.1694317474E+003
   0.8799970703E+003   0.1695310822E+003
   0.8820161133E+003   0.1684905548E+003
   0.8840351562E+003   0.1690505524E+003
   0.8860037231E+003   0.1702179718E+003
   0.8880227661E+003   0.1701758881E+003
   0.8900418091E+003   0.1691586609E+003
   0.8920103760E+003   0.1697490234E+003
   0.8940294189E+003   0.1708915100E+003
   0.8959979858E+003   0.1707323456E+003
   0.8980170288E+003   0.1697191315E+003
   0.9000360718E+003   0.1703460083E+003
   0.9020046387E+003   0.1714137878E+003
   0.9040236816E+003   0.1711478424E+003
   0.9059922485E+003   0.1701644135E+003
   0.9080112915E+003   0.1707861328E+003
   0.9100303345E+003   0.1718306122E+003
   0.9119989014E+003   0.1714895020E+003
   0.9140179443E+003   0.1704957275E+003
   0.9160369873E+003   0.1711354065E+003
   0.9180055542E+003   0.1721162415E+003
   0.9200245972E+003   0.1716974640E+003
   0.9219931641E+003   0.1707206421E+003
   0.9240122070E+003   0.1713361816E+003
   0.9260312500E+003   0.1723013763E+003
   0.9279998169E+003   0.1718428040E+003
   0.9300188599E+003   0.1708383484E+003
   0.9320379028E+003   0.1714526367E+003
   0.9340064697E+003   0.1723664093E+003
   0.9360255127E+003   0.1718600922E+003
   0.9379940796E+003   0.1708606873E+003
   0.9400131226E+003   0.1714398651E+003
   0.9420321655E+003   0.1723482513E+003
   0.9440007324E+003   0.1718316803E+003
   0.9460197754E+003   0.1707897339E+003
   0.9480388184E+003   0.1713541565E+003
   0.9500073853E+003   0.1722244415E+003
   0.9520264282E+003   0.1716881714E+003
   0.9539949951E+003   0.1706366577E+003
   0.9560140381E+003   0.1711503296E+003
   0.9580330811E+003   0.1720222931E+003
   0.9600016479E+003   0.1715007172E+003
   0.9620206909E+003   0.1703908844E+003
   0.9640397339E+003   0.1708789520E+003
   0.9660083008E+003   0.1717208710E+003
   0.9680273438E+003   0.1712021179E+003
   0.9699959106E+003   0.1700709534E+003
   0.9720149536E+003   0.1704958954E+003
   0.9740339966E+003   0.1713471222E+003
   0.9760025635E+003   0.1708653870E+003
   0.9780216064E+003   0.1696624451E+003
   0.9800406494E+003   0.1700477905E+003
   0.9820092163E+003   0.1708753052E+003
   0.9840282593E+003   0.1704225006E+003
   0.9859968262E+003   0.1691935883E+003
   0.9880158691E+003   0.1695020294E+003
   0.9900349121E+003   0.1703437958E+003
   0.9920034790E+003   0.1699523926E+003
   0.9940225220E+003   0.1686476746E+003
   0.9959910889E+003   0.1688815765E+003
   0.9980101318E+003   0.1697193909E+003
   0.1000029175E+004   0.1693787842E+003
