   0.2019248247E+001   0.1000000000E+003
   0.4038217545E+001   0.1000000000E+003
   0.6006233215E+001   0.1000000000E+003
   0.8024420738E+001   0.1000000000E+003
   0.1004276180E+002   0.1000000000E+003
   0.1201106262E+002   0.1000000000E+003
   0.1402986050E+002   0.1000000000E+003
   0.1604838371E+002   0.1000000000E+003
   0.1801653862E+002   0.1000002975E+003
   0.2003555679E+002   0.1000021591E+003
   0.2200410843E+002   0.1000085220E+003
   0.2402284050E+002   0.1000234146E+003
   0.2604164124E+002   0.1000486832E+003
   0.2801034927E+002   0.1000582352E+003
   0.3002953148E+002   0.1000366592E+003
   0.3204840469E+002   0.1000399704E+003
   0.3401686859E+002   0.1000658340E+003
   0.3603606415E+002   0.1000957489E+003
   0.3800477600E+002   0.1000842285E+003
   0.4002372742E+002   0.1000841827E+003
   0.4204272842E+002   0.1001075516E+003
   0.4401139450E+002   0.1001466675E+003
   0.4603055954E+002   0.1001603088E+003
   0.4804955673E+002   0.1001576462E+003
   0.5001811981E+002   0.1001769943E+003
   0.5203724670E+002   0.1002154617E+003
   0.5400592041E+002   0.1002600250E+003
   0.5602492905E+002   0.1002758560E+003
   0.5804396820E+002   0.1003001709E+003
   0.6001262283E+002   0.1003464508E+003
   0.6203178024E+002   0.1004108734E+003
   0.6400030518E+002   0.1004687881E+003
   0.6601934814E+002   0.1005056763E+003
   0.6803851318E+002   0.1005661545E+003
   0.7000720215E+002   0.1006414490E+003
   0.7202624512E+002   0.1007348404E+003
   0.7404528809E+002   0.1008097916E+003
   0.7601398468E+002   0.1008816833E+003
   0.7803316498E+002   0.1009810257E+003
   0.8000164032E+002   0.1010926971E+003
   0.8202060699E+002   0.1012149353E+003
   0.8403981018E+002   0.1013148422E+003
   0.8600853729E+002   0.1014427719E+003
   0.8802744293E+002   0.1015997314E+003
   0.9004636383E+002   0.1017870331E+003
   0.9201516724E+002   0.1019678574E+003
   0.9403439331E+002   0.1021586075E+003
   0.9600279236E+002   0.1023792419E+003
   0.9802168274E+002   0.1026106644E+003
   0.1000409470E+003   0.1028482895E+003
   0.1020096817E+003   0.1030789337E+003
   0.1040285339E+003   0.1033610001E+003
   0.1060474243E+003   0.1036340179E+003
   0.1080162048E+003   0.1039308472E+003
   0.1100354233E+003   0.1042739029E+003
   0.1120038223E+003   0.1046324234E+003
   0.1140227356E+003   0.1049875183E+003
   0.1160419083E+003   0.1053534622E+003
   0.1180106201E+003   0.1057692490E+003
   0.1200296631E+003   0.1061966248E+003
   0.1220487823E+003   0.1066346283E+003
   0.1240173645E+003   0.1070649338E+003
   0.1260364075E+003   0.1076092300E+003
   0.1280051422E+003   0.1081448135E+003
   0.1300241852E+003   0.1087080002E+003
   0.1320432281E+003   0.1092537689E+003
   0.1340117950E+003   0.1098732452E+003
   0.1360308380E+003   0.1105203400E+003
   0.1380498810E+003   0.1112197952E+003
   0.1400182800E+003   0.1119170303E+003
   0.1420372467E+003   0.1126682816E+003
   0.1440058136E+003   0.1134241791E+003
   0.1460248566E+003   0.1142870102E+003
   0.1480437164E+003   0.1151664047E+003
   0.1500122070E+003   0.1159763794E+003
   0.1520312500E+003   0.1169475784E+003
   0.1540502930E+003   0.1179960251E+003
   0.1560187225E+003   0.1189068375E+003
   0.1580377350E+003   0.1197863464E+003
   0.1600063019E+003   0.1210435486E+003
   0.1620253448E+003   0.1222750397E+003
   0.1640443878E+003   0.1232361755E+003
   0.1660129547E+003   0.1241936569E+003
   0.1680319977E+003   0.1257394409E+003
   0.1700005646E+003   0.1267982712E+003
   0.1720196075E+003   0.1277674408E+003
   0.1740386505E+003   0.1289770966E+003
   0.1760072174E+003   0.1305499573E+003
   0.1780262604E+003   0.1314008026E+003
   0.1800453033E+003   0.1325233917E+003
   0.1820138702E+003   0.1339183044E+003
   0.1840329132E+003   0.1349212494E+003
   0.1860014801E+003   0.1357512054E+003
   0.1880205231E+003   0.1369329224E+003
   0.1900395660E+003   0.1381407928E+003
   0.1920081329E+003   0.1387035370E+003
   0.1940271759E+003   0.1395993347E+003
   0.1960462189E+003   0.1406128387E+003
   0.1980147858E+003   0.1412817230E+003
   0.2000338287E+003   0.1417479248E+003
   0.2020023956E+003   0.1425625458E+003
   0.2040214386E+003   0.1432310181E+003
   0.2060404816E+003   0.1435528564E+003
   0.2080090485E+003   0.1440351715E+003
   0.2100280914E+003   0.1445610504E+003
   0.2120471344E+003   0.1449561920E+003
   0.2140157013E+003   0.1451265259E+003
   0.2160347443E+003   0.1455930939E+003
   0.2180033112E+003   0.1458890076E+003
   0.2200223541E+003   0.1459857635E+003
   0.2220413971E+003   0.1462776337E+003
   0.2240099640E+003   0.1464790649E+003
   0.2260290070E+003   0.1466644135E+003
   0.2280480499E+003   0.1467471161E+003
   0.2300166168E+003   0.1469453278E+003
   0.2320356598E+003   0.1471563110E+003
   0.2340042267E+003   0.1471163177E+003
   0.2360232697E+003   0.1472805328E+003
   0.2380423126E+003   0.1474703064E+003
   0.2400108795E+003   0.1474441833E+003
   0.2420299225E+003   0.1475429382E+003
   0.2440489655E+003   0.1476626282E+003
   0.2460175323E+003   0.1476820679E+003
   0.2480365753E+003   0.1476965485E+003
   0.2500051422E+003   0.1477501373E+003
   0.2520241852E+003   0.1477729797E+003
   0.2540432281E+003   0.1477124939E+003
   0.2560118103E+003   0.1476985321E+003
   0.2580308533E+003   0.1476763000E+003
   0.2599994202E+003   0.1475652618E+003
   0.2620184631E+003   0.1474693909E+003
   0.2640375061E+003   0.1473778839E+003
   0.2660060730E+003   0.1472222137E+003
   0.2680251160E+003   0.1470392151E+003
   0.2700441589E+003   0.1468797913E+003
   0.2720127258E+003   0.1467004242E+003
   0.2740317688E+003   0.1464471588E+003
   0.2760003357E+003   0.1462125244E+003
   0.2780193787E+003   0.1459870758E+003
   0.2800384216E+003   0.1457147980E+003
   0.2820069885E+003   0.1453963013E+003
   0.2840260315E+003   0.1450912476E+003
   0.2860450745E+003   0.1447964783E+003
   0.2880136414E+003   0.1444447021E+003
   0.2900326843E+003   0.1440442505E+003
   0.2920012512E+003   0.1436803436E+003
   0.2940202942E+003   0.1433109741E+003
   0.2960393372E+003   0.1428622589E+003
   0.2980079041E+003   0.1423970032E+003
   0.3000269470E+003   0.1419504395E+003
   0.3020459900E+003   0.1414945374E+003
   0.3040145569E+003   0.1409688873E+003
   0.3060335999E+003   0.1404139404E+003
   0.3080021667E+003   0.1399112244E+003
   0.3100212097E+003   0.1393678284E+003
   0.3120402527E+003   0.1387447968E+003
   0.3140088196E+003   0.1381349487E+003
   0.3160278625E+003   0.1375589447E+003
   0.3180469055E+003   0.1369351654E+003
   0.3200154724E+003   0.1362511749E+003
   0.3220345154E+003   0.1355601044E+003
   0.3240030823E+003   0.1349475098E+003
   0.3260221252E+003   0.1342454681E+003
   0.3280411682E+003   0.1334742737E+003
   0.3300097351E+003   0.1327584534E+003
   0.3320287781E+003   0.1320913696E+003
   0.3340478210E+003   0.1313363800E+003
   0.3360163879E+003   0.1305528870E+003
   0.3380354309E+003   0.1297982025E+003
   0.3400039978E+003   0.1291390076E+003
   0.3420230408E+003   0.1284142456E+003
   0.3440420837E+003   0.1276664963E+003
   0.3460106506E+003   0.1270015335E+003
   0.3480296936E+003   0.1264124527E+003
   0.3499982605E+003   0.1258524933E+003
   0.3520173035E+003   0.1252642670E+003
   0.3540363464E+003   0.1247302475E+003
   0.3560049133E+003   0.1242943268E+003
   0.3580239563E+003   0.1239557800E+003
   0.3600429993E+003   0.1236478958E+003
   0.3620115662E+003   0.1233758469E+003
   0.3640306091E+003   0.1231596222E+003
   0.3659991760E+003   0.1231141281E+003
   0.3680182190E+003   0.1231468124E+003
   0.3700372620E+003   0.1231793442E+003
   0.3720058289E+003   0.1232402420E+003
   0.3740248718E+003   0.1234705734E+003
   0.3760439148E+003   0.1238019257E+003
   0.3780124817E+003   0.1240612869E+003
   0.3800315247E+003   0.1243180161E+003
   0.3820000916E+003   0.1247371216E+003
   0.3840191345E+003   0.1252391815E+003
   0.3860381775E+003   0.1255946350E+003
   0.3880067444E+003   0.1259003830E+003
   0.3900257874E+003   0.1264455109E+003
   0.3920448303E+003   0.1270243378E+003
   0.3940133972E+003   0.1273625870E+003
   0.3960324402E+003   0.1276492081E+003
   0.3980010071E+003   0.1282036133E+003
   0.4000200500E+003   0.1287932434E+003
   0.4020390930E+003   0.1290740356E+003
   0.4040076599E+003   0.1293023224E+003
   0.4060267029E+003   0.1298481903E+003
   0.4080457458E+003   0.1304057312E+003
   0.4100143127E+003   0.1305915070E+003
   0.4120333557E+003   0.1307760468E+003
   0.4140019226E+003   0.1312685242E+003
   0.4160209656E+003   0.1317809448E+003
   0.4180400085E+003   0.1318744965E+003
   0.4200085754E+003   0.1320146027E+003
   0.4220276184E+003   0.1324741516E+003
   0.4240466614E+003   0.1329204102E+003
   0.4260152283E+003   0.1329221802E+003
   0.4280342712E+003   0.1330372620E+003
   0.4300028381E+003   0.1334397736E+003
   0.4320218811E+003   0.1338262634E+003
   0.4340409241E+003   0.1337520447E+003
   0.4360094910E+003   0.1338473816E+003
   0.4380285339E+003   0.1342221069E+003
   0.4399971008E+003   0.1345361633E+003
   0.4420161438E+003   0.1344063568E+003
   0.4440351868E+003   0.1344957275E+003
   0.4460037537E+003   0.1348266296E+003
   0.4480227966E+003   0.1350789490E+003
   0.4500418396E+003   0.1349088745E+003
   0.4520104065E+003   0.1349939117E+003
   0.4540294495E+003   0.1353039398E+003
   0.4559980164E+003   0.1354853821E+003
   0.4580170593E+003   0.1352887573E+003
   0.4600361023E+003   0.1353755646E+003
   0.4620046692E+003   0.1356516724E+003
   0.4640237122E+003   0.1357695465E+003
   0.4660427551E+003   0.1355601196E+003
   0.4680113220E+003   0.1356441040E+003
   0.4700303650E+003   0.1358990631E+003
   0.4719989319E+003   0.1359536133E+003
   0.4740179749E+003   0.1357382355E+003
   0.4760370178E+003   0.1358224792E+003
   0.4780055847E+003   0.1360453033E+003
   0.4800246277E+003   0.1360436859E+003
   0.4820436707E+003   0.1358324432E+003
   0.4840122375E+003   0.1359113922E+003
   0.4860312805E+003   0.1361115875E+003
   0.4879998474E+003   0.1360615082E+003
   0.4900188904E+003   0.1358525696E+003
   0.4920379333E+003   0.1359260254E+003
   0.4940065002E+003   0.1360911102E+003
   0.4960255432E+003   0.1359959412E+003
   0.4980445862E+003   0.1357939911E+003
   0.5000131531E+003   0.1358561859E+003
   0.5020321960E+003   0.1359980164E+003
   0.5040007629E+003   0.1358713226E+003
   0.5060198059E+003   0.1356709137E+003
   0.5080388489E+003   0.1357198486E+003
   0.5100074158E+003   0.1358290100E+003
   0.5120264893E+003   0.1356707611E+003
   0.5140455322E+003   0.1354738312E+003
   0.5160140991E+003   0.1355083923E+003
   0.5180331421E+003   0.1355926514E+003
   0.5200017090E+003   0.1354161987E+003
   0.5220207520E+003   0.1352143250E+003
   0.5240397949E+003   0.1352316742E+003
   0.5260083618E+003   0.1352915649E+003
   0.5280274048E+003   0.1350981598E+003
   0.5299959717E+003   0.1348964386E+003
   0.5320150146E+003   0.1348935547E+003
   0.5340340576E+003   0.1349323883E+003
   0.5360026245E+003   0.1347329407E+003
   0.5380216675E+003   0.1345195465E+003
   0.5400407104E+003   0.1345020142E+003
   0.5420092773E+003   0.1345245667E+003
   0.5440283203E+003   0.1343143158E+003
   0.5459968872E+003   0.1340967865E+003
   0.5480159302E+003   0.1340635986E+003
   0.5500349731E+003   0.1340760345E+003
   0.5520035400E+003   0.1338713074E+003
   0.5540225830E+003   0.1336428528E+003
   0.5560416260E+003   0.1336036530E+003
   0.5580101929E+003   0.1336144867E+003
   0.5600292358E+003   0.1334172974E+003
   0.5619978027E+003   0.1331910858E+003
   0.5640168457E+003   0.1331420898E+003
   0.5660358887E+003   0.1331566162E+003
   0.5680044556E+003   0.1329850922E+003
   0.5700234985E+003   0.1327554779E+003
   0.5720425415E+003   0.1327100220E+003
   0.5740111084E+003   0.1327396088E+003
   0.5760301514E+003   0.1325979309E+003
   0.5779987183E+003   0.1323845215E+003
   0.5800177612E+003   0.1323461761E+003
   0.5820368042E+003   0.1323955383E+003
   0.5840053711E+003   0.1322959900E+003
   0.5860244141E+003   0.1320938721E+003
   0.5880434570E+003   0.1320704498E+003
   0.5900120239E+003   0.1321470490E+003
   0.5920310669E+003   0.1320938416E+003
   0.5939996338E+003   0.1319183960E+003
   0.5960186768E+003   0.1319103088E+003
   0.5980377197E+003   0.1320192413E+003
   0.6000062866E+003   0.1320183411E+003
   0.6020253296E+003   0.1318668060E+003
   0.6040443726E+003   0.1318824463E+003
   0.6060129395E+003   0.1320244141E+003
   0.6080319824E+003   0.1320804443E+003
   0.6100005493E+003   0.1319616547E+003
   0.6120195923E+003   0.1319959412E+003
   0.6140386353E+003   0.1321761169E+003
   0.6160072021E+003   0.1322782135E+003
   0.6180262451E+003   0.1321805878E+003
   0.6199948120E+003   0.1322291565E+003
   0.6220138550E+003   0.1324367523E+003
   0.6240328979E+003   0.1325827637E+003
   0.6260014648E+003   0.1325081329E+003
   0.6280205078E+003   0.1325754089E+003
   0.6300395508E+003   0.1328048553E+003
   0.6320081177E+003   0.1329770966E+003
   0.6340271606E+003   0.1329112701E+003
   0.6359957275E+003   0.1329831848E+003
   0.6380147705E+003   0.1332264557E+003
   0.6400338135E+003   0.1334258881E+003
   0.6420023804E+003   0.1333689270E+003
   0.6440214233E+003   0.1334520416E+003
   0.6460404663E+003   0.1337083893E+003
   0.6480090332E+003   0.1339180603E+003
   0.6500280762E+003   0.1338624268E+003
   0.6519966431E+003   0.1339474792E+003
   0.6540156860E+003   0.1342041779E+003
   0.6560347290E+003   0.1344208221E+003
   0.6580032959E+003   0.1343638458E+003
   0.6600223389E+003   0.1344607697E+003
   0.6620413818E+003   0.1347241821E+003
   0.6640099487E+003   0.1349373932E+003
   0.6660289917E+003   0.1348810883E+003
   0.6679975586E+003   0.1349857483E+003
   0.6700166016E+003   0.1352511444E+003
   0.6720356445E+003   0.1354594116E+003
   0.6740042114E+003   0.1353989868E+003
   0.6760232544E+003   0.1355148926E+003
   0.6780422974E+003   0.1357847290E+003
   0.6800108643E+003   0.1359751892E+003
   0.6820299072E+003   0.1359200439E+003
   0.6839984741E+003   0.1360515900E+003
   0.6860175171E+003   0.1363252563E+003
   0.6880365601E+003   0.1364985657E+003
   0.6900051270E+003   0.1364543152E+003
   0.6920241699E+003   0.1366088409E+003
   0.6940432129E+003   0.1368892975E+003
   0.6960117798E+003   0.1370368652E+003
   0.6980308228E+003   0.1370134583E+003
   0.6999993896E+003   0.1371860504E+003
   0.7020184326E+003   0.1374717255E+003
   0.7040374756E+003   0.1375952301E+003
   0.7060060425E+003   0.1375986938E+003
   0.7080250854E+003   0.1377985687E+003
   0.7100441284E+003   0.1380910492E+003
   0.7120126953E+003   0.1381851044E+003
   0.7140317383E+003   0.1382276306E+003
   0.7160003052E+003   0.1384480591E+003
   0.7180193481E+003   0.1387439880E+003
   0.7200383911E+003   0.1388211060E+003
   0.7220069580E+003   0.1389046783E+003
   0.7240260010E+003   0.1391515503E+003
   0.7259945679E+003   0.1394395294E+003
   0.7280136108E+003   0.1395060883E+003
   0.7300326538E+003   0.1396401825E+003
   0.7320012207E+003   0.1399027557E+003
   0.7340202637E+003   0.1401891785E+003
   0.7360393066E+003   0.1402470093E+003
   0.7380078735E+003   0.1404206085E+003
   0.7400269165E+003   0.1407075348E+003
   0.7419954834E+003   0.1409702911E+003
   0.7440145264E+003   0.1410382233E+003
   0.7460335693E+003   0.1412564240E+003
   0.7480021362E+003   0.1415484924E+003
   0.7500211792E+003   0.1417897339E+003
   0.7520402222E+003   0.1418756104E+003
   0.7540087891E+003   0.1421187897E+003
   0.7560278320E+003   0.1424272156E+003
   0.7579963989E+003   0.1426321106E+003
   0.7600154419E+003   0.1427428894E+003
   0.7620344849E+003   0.1430080719E+003
   0.7640030518E+003   0.1433094025E+003
   0.7660220947E+003   0.1434898834E+003
   0.7680411377E+003   0.1436292419E+003
   0.7700097046E+003   0.1438928223E+003
   0.7720287476E+003   0.1441929169E+003
   0.7739973145E+003   0.1443451538E+003
   0.7760163574E+003   0.1445110016E+003
   0.7780354004E+003   0.1447783051E+003
   0.7800039673E+003   0.1450504608E+003
   0.7820230103E+003   0.1451886444E+003
   0.7840420532E+003   0.1453750153E+003
   0.7860106201E+003   0.1456259766E+003
   0.7880296631E+003   0.1458775482E+003
   0.7899982300E+003   0.1460020905E+003
   0.7920172729E+003   0.1461990509E+003
   0.7940363159E+003   0.1464461365E+003
   0.7960048828E+003   0.1466599274E+003
   0.7980239258E+003   0.1467812958E+003
   0.8000429688E+003   0.1469759521E+003
   0.8020115356E+003   0.1471951904E+003
   0.8040305786E+003   0.1473800659E+003
   0.8059991455E+003   0.1474962616E+003
   0.8080181885E+003   0.1476853180E+003
   0.8100372314E+003   0.1478914642E+003
   0.8120057983E+003   0.1480388031E+003
   0.8140248413E+003   0.1481549683E+003
   0.8159934082E+003   0.1483276978E+003
   0.8180124512E+003   0.1485061340E+003
   0.8200314941E+003   0.1486228180E+003
   0.8220000610E+003   0.1487316895E+003
   0.8240191040E+003   0.1488966675E+003
   0.8260381470E+003   0.1490518188E+003
   0.8280067139E+003   0.1491384735E+003
   0.8300257568E+003   0.1492399139E+003
   0.8319943237E+003   0.1493814697E+003
   0.8340133667E+003   0.1495106812E+003
   0.8360324097E+003   0.1495767822E+003
   0.8380009766E+003   0.1496646118E+003
   0.8400200195E+003   0.1497917938E+003
   0.8420390625E+003   0.1498961487E+003
   0.8440076294E+003   0.1499425964E+003
   0.8460266724E+003   0.1500233765E+003
   0.8479952393E+003   0.1501296387E+003
   0.8500142822E+003   0.1502096710E+003
   0.8520333252E+003   0.1502438812E+003
   0.8540018921E+003   0.1503138275E+003
   0.8560209351E+003   0.1504088287E+003
   0.8580399780E+003   0.1504674072E+003
   0.8600085449E+003   0.1504874878E+003
   0.8620275879E+003   0.1505498047E+003
   0.8639961548E+003   0.1506285400E+003
   0.8660151978E+003   0.1506707764E+003
   0.8680342407E+003   0.1506854553E+003
   0.8700028076E+003   0.1507414093E+003
   0.8720218506E+003   0.1508136292E+003
   0.8740408936E+003   0.1508443756E+003
   0.8760094604E+003   0.1508549194E+003
   0.8780285034E+003   0.1509102325E+003
   0.8799970703E+003   0.1509752960E+003
   0.8820161133E+003   0.1509997253E+003
   0.8840351562E+003   0.1510091248E+003
   0.8860037231E+003   0.1510585632E+003
   0.8880227661E+003   0.1511170197E+003
   0.8900418091E+003   0.1511358643E+003
   0.8920103760E+003   0.1511477509E+003
   0.8940294189E+003   0.1511986084E+003
   0.8959979858E+003   0.1512521210E+003
   0.8980170288E+003   0.1512710876E+003
   0.9000360718E+003   0.1512893524E+003
   0.9020046387E+003   0.1513438263E+003
   0.9040236816E+003   0.1514008789E+003
   0.9059922485E+003   0.1514239349E+003
   0.9080112915E+003   0.1514497070E+003
   0.9100303345E+003   0.1515089111E+003
   0.9119989014E+003   0.1515646210E+003
   0.9140179443E+003   0.1515921783E+003
   0.9160369873E+003   0.1516248474E+003
   0.9180055542E+003   0.1516868744E+003
   0.9200245972E+003   0.1517476349E+003
   0.9219931641E+003   0.1517814178E+003
   0.9240122070E+003   0.1518236237E+003
   0.9260312500E+003   0.1518933563E+003
   0.9279998169E+003   0.1519575348E+003
   0.9300188599E+003   0.1520013275E+003
   0.9320379028E+003   0.1520539703E+003
   0.9340064697E+003   0.1521299438E+003
   0.9360255127E+003   0.1522021790E+003
   0.9379940796E+003   0.1522533112E+003
   0.9400131226E+003   0.1523152313E+003
   0.9420321655E+003   0.1524002380E+003
   0.9440007324E+003   0.1524765930E+003
   0.9460197754E+003   0.1525361633E+003
   0.9480388184E+003   0.1526071014E+003
   0.9500073853E+003   0.1526958618E+003
   0.9520264282E+003   0.1527802887E+003
   0.9539949951E+003   0.1528467712E+003
   0.9560140381E+003   0.1529288635E+003
   0.9580330811E+003   0.1530280914E+003
   0.9600016479E+003   0.1531147614E+003
   0.9620206909E+003   0.1531895752E+003
   0.9640397339E+003   0.1532814026E+003
   0.9660083008E+003   0.1533848114E+003
   0.9680273438E+003   0.1534786682E+003
   0.9699959106E+003   0.1535578918E+003
   0.9720149536E+003   0.1536582336E+003
   0.9740339966E+003   0.1537694550E+003
   0.9760025635E+003   0.1538656769E+003
   0.9780216064E+003   0.1539528351E+003
   0.9800406494E+003   0.1540607300E+003
   0.9820092163E+003   0.1541742859E+003
   0.9840282593E+003   0.1542781067E+003
   0.9859968262E+003   0.1543675842E+003
   0.9880158691E+003   0.1544807129E+003
   0.9900349121E+003   0.1545994263E+003
   0.9920034790E+003   0.1547017975E+003
   0.9940225220E+003   0.1547963715E+003
   0.9959910889E+003   0.1549122314E+003
   0.9980101318E+003   0.1550339966E+003
   0.1000029175E+004   0.1551409912E+003
